Sex 0001               10 14 25.29 -01 42 53.7 19.70  0.62  270.2  1.7  0.33 0.02  0.32 0.06 0.000 1
Sex 0002               10 14 31.87 -01 39  6.6  0.00  0.00   47.1  1.4  0.35 0.01  0.92 0.02 0.000 0
Sex 0003               10 14 27.43 -01 37 24.8  0.00  0.00  123.3  2.0  0.32 0.02  0.92 0.03 0.000 0
Sex 0004               10 14 18.28 -01 44  8.4 18.49  1.33   30.1  1.8  0.33 0.02  0.85 0.03 0.000 1
Sex 0005               10 14 18.50 -01 39 59.3 18.06  1.25   32.4  1.3  0.37 0.01  0.94 0.01 0.000 1
Sex 0006               10 14 20.25 -01 39 23.0 19.77  0.73  271.6  1.8  0.33 0.03  0.62 0.05 0.000 1
Sex 0007               10 14 17.73 -01 38 28.7 19.42  0.58  145.9  2.0  0.25 0.02  0.37 0.05 0.000 1
Sex 0008               10 14  6.42 -01 34 50.0 17.55  1.26   -9.0  1.7  0.35 0.01  0.87 0.02 0.000 1
Sex 0009               10 14  8.40 -01 35 49.1 19.52  0.90  226.1  1.7  0.29 0.02  0.31 0.05 0.998 1
Sex 0010               10 14 17.31 -01 35 55.0  0.00  0.00  -39.8  1.6  0.36 0.01  0.81 0.02 0.000 0
Sex 0011               10 14 15.20 -01 36 16.9 19.77  1.02   64.6  0.8  0.34 0.03  0.84 0.04 0.000 1
Sex 0012               10 14 21.75 -01 31 45.0 18.12  0.82  317.0  1.5  0.33 0.01  0.59 0.02 0.000 1
Sex 0013               10 14 16.38 -01 44  0.5 20.36  1.20  110.9  3.5  0.43 0.06  0.56 0.13 0.000 1
Sex 0014               10 14  1.64 -01 45 32.9 18.77  1.17   16.8  1.4  0.39 0.02  0.80 0.03 0.000 1
Sex 0015               10 13 55.24 -01 33 20.5 19.80  0.95  223.9  1.4  0.34 0.03  0.40 0.06 0.997 1
Sex 0016               10 13 53.66 -01 35 24.8 18.74  1.07  225.4  0.6  0.35 0.01  0.37 0.03 0.999 1
Sex 0017               10 14  8.25 -01 30 22.4 18.56  1.06  206.2  1.1  0.29 0.01  0.32 0.03 0.964 1
Sex 0018               10 13 50.82 -01 45 12.3 17.52  1.30  240.3  1.2  0.37 0.01  0.44 0.03 0.982 1
Sex 0019               10 13 49.26 -01 40 50.8 18.77  1.03  223.0  0.8  0.36 0.02  0.42 0.04 0.998 1
Sex 0020               10 13 47.54 -01 42 38.5 18.67  0.80    4.3  4.1  0.33 0.06  0.59 0.10 0.000 1
Sex 0021               10 13 37.08 -01 32 29.0 19.87  0.78  222.6  3.8  0.39 0.04  0.29 0.11 0.998 1
Sex 0022               10 13 40.26 -01 33 39.8 18.04  1.21  233.3  0.6  0.40 0.01  0.41 0.03 0.997 1
Sex 0023               10 13 41.45 -01 35 39.0 19.23  1.01  232.1  1.7  0.30 0.02  0.31 0.05 0.999 1
Sex 0024               10 13 44.99 -01 36 30.9 19.14  0.95  212.7  1.1  0.27 0.02  0.30 0.04 0.998 1
Sex 0025               10 13 42.27 -01 31 24.7 18.70  1.09  220.6  0.6  0.39 0.02  0.37 0.04 0.999 1
Sex 0026               10 13 38.67 -01 40 45.9 18.83  1.06  221.5  0.8  0.33 0.01  0.34 0.04 1.000 1
Sex 0027               10 13 30.59 -01 41 35.3 19.19  0.98   79.5  1.0  0.42 0.02  0.96 0.03 0.000 1
Sex 0028               10 13 27.49 -01 36 27.3 18.28  1.01   76.7  0.4  0.39 0.01  0.59 0.02 0.000 1
Sex 0029               10 13 26.94 -01 37 10.1  0.00  0.00   48.5  0.6  0.39 0.01  0.93 0.02 0.000 0
Sex 0030               10 13 33.65 -01 35 27.2 18.74  1.09  223.0  0.9  0.27 0.02  0.35 0.05 0.999 1
Sex 0031               10 14  1.27 -01 33 59.3 18.47  0.85   15.6  0.5  0.34 0.02  0.90 0.02 0.000 1
Sex 0032               10 13 43.90 -01 38 47.9 19.59  0.78  223.7  1.5  0.33 0.02  0.43 0.05 0.997 1
Sex 0033               10 13 10.03 -01 33 30.8 19.17  0.64  269.6  1.7  0.33 0.02  0.33 0.06 0.001 1
Sex 0034               10 13  7.94 -01 32  9.0  0.00  0.00   43.5  1.7  0.36 0.02  0.85 0.04 0.000 0
Sex 0035               10 13 10.53 -01 31 15.4 17.71  1.30  228.6  0.5  0.42 0.01  0.46 0.02 0.995 1
Sex 0036               10 13  5.77 -01 30 43.2 19.54  0.66  183.6  0.9  0.31 0.03  0.50 0.05 0.000 1
Sex 0037               10 13  0.66 -01 30 35.6 20.15  0.98  215.2  1.6  0.31 0.04  0.45 0.07 0.996 1
Sex 0038               10 13  3.50 -01 26  2.3 20.19  0.60   38.7  5.0  0.34 0.07  0.10 0.19 0.000 1
Sex 0039               10 13  5.93 -01 28  0.3 18.16  1.17  223.9  0.5  0.37 0.01  0.39 0.03 0.999 1
Sex 0040               10 13 11.35 -01 23  4.5 17.99  0.88    3.8  0.4  0.41 0.01  0.95 0.02 0.000 1
Sex 0041               10 13 17.15 -01 26 38.1 18.94  1.02  241.4  0.5  0.35 0.01  0.35 0.03 0.994 1
Sex 0042               10 12 59.18 -01 34 42.6 20.04  0.96  217.2  1.3  0.34 0.02  0.42 0.05 1.000 1
Sex 0043               10 13  1.34 -01 34 42.9 18.59  1.12  224.1  0.5  0.38 0.01  0.40 0.03 1.000 1
Sex 0044               10 13  0.33 -01 31 47.7 19.99  0.87  227.7  1.1  0.29 0.03  0.35 0.05 1.000 1
Sex 0045               10 12 58.11 -01 28 43.4 19.34  0.76  104.1  0.6  0.41 0.03  0.84 0.04 0.000 1
Sex 0046               10 12 58.84 -01 28 25.8 19.82  1.00  227.3  0.8  0.39 0.02  0.39 0.05 0.999 1
Sex 0047               10 12 59.49 -01 28  3.4 19.55  0.93  217.9  1.6  0.34 0.02  0.38 0.05 0.999 1
Sex 0048               10 12 52.40 -01 35  7.3 20.31  0.98  220.7  2.2  0.32 0.04  0.38 0.08 1.000 1
Sex 0049               10 12 53.33 -01 34 40.6 19.45  1.01  229.9  1.1  0.38 0.02  0.30 0.06 1.000 1
Sex 0050               10 12 46.57 -01 23 47.6 18.51  1.03  212.5  0.5  0.31 0.01  0.35 0.03 0.998 1
Sex 0051               10 12 48.47 -01 23 56.8 17.69  1.23   -7.5  1.0  0.37 0.01  0.86 0.02 0.000 1
Sex 0052               10 12 46.44 -01 24 31.9 19.04  1.01  221.0  2.1  0.37 0.04  0.42 0.09 0.998 1
Sex 0053               10 12 54.83 -01 24 30.9 19.32  0.83  147.0  0.5  0.32 0.02  0.85 0.03 0.000 1
Sex 0054               10 13  1.44 -01 23 43.9 19.74  1.12    3.7  1.1  0.35 0.03  0.88 0.04 0.000 1
Sex 0055               10 13  0.60 -01 25 47.0 17.67  1.12  109.7  0.7  0.30 0.01  0.88 0.01 0.000 1
Sex 0056               10 12 45.62 -01 35 46.1 20.09  0.95  231.5  1.3  0.35 0.02  0.34 0.06 0.999 1
Sex 0057               10 12 45.21 -01 33 34.8 17.84  0.76   44.5  0.3  0.32 0.01  0.78 0.02 0.000 1
Sex 0058               10 12 46.81 -01 31 58.1 19.31  1.03  223.4  0.7  0.39 0.02  0.41 0.04 0.999 1
Sex 0059               10 12 46.35 -01 30 15.3 18.25  1.18   23.6  1.0  0.30 0.02  0.91 0.03 0.000 1
Sex 0060               10 12 47.99 -01 29 38.7 18.98  0.94  222.8  1.9  0.34 0.02  0.36 0.05 0.999 1
Sex 0061               10 12 43.35 -01 32  5.1 17.91  1.23   56.3  0.7  0.37 0.01  0.93 0.02 0.000 1
Sex 0062               10 12 40.91 -01 32  1.2 19.28  0.97  215.4  0.9  0.39 0.02  0.36 0.04 0.999 1
Sex 0063               10 12 42.83 -01 30  8.3 18.99  0.98  212.8  3.1  0.24 0.05  0.47 0.10 0.992 1
Sex 0064               10 12 43.90 -01 28 32.6 17.34  1.27   23.4  1.5  0.39 0.02  0.88 0.03 0.000 1
Sex 0065               10 12 32.95 -01 19 14.1  0.00  0.00   12.0  3.1  0.35 0.04  0.69 0.06 0.000 0
Sex 0066               10 12 35.07 -01 23 47.3 19.50  0.96  241.1  4.3  0.29 0.06  0.51 0.10 0.957 1
Sex 0067               10 12 33.29 -01 32 22.8 19.28  0.98  244.4  2.3  0.33 0.04  0.31 0.10 0.987 1
Sex 0068               10 12 32.68 -01 32  8.8 19.82  0.90  131.0  0.6  0.37 0.02  0.86 0.03 0.000 1
Sex 0069               10 12 33.88 -01 31 59.0 20.14  0.94  228.1  2.2  0.33 0.03  0.28 0.06 0.999 1
Sex 0070               10 12 29.66 -01 35 36.2 20.12  0.79  129.1  1.6  0.26 0.03  0.52 0.05 0.000 1
Sex 0071               10 12 29.94 -01 34 31.8 19.41  0.99  204.2  4.2  0.28 0.04  0.37 0.08 0.987 1
Sex 0072               10 12 25.56 -01 33 26.9 18.93  0.55  287.3  4.9  0.28 0.02  0.29 0.05 0.000 1
Sex 0073               10 12 25.93 -01 32 38.8 19.25  1.02  230.2  1.5  0.32 0.03  0.40 0.06 0.999 1
Sex 0074               10 12 15.86 -01 27 25.1  0.00  0.00  230.6  1.3  0.36 0.04  0.42 0.10 0.997 0
Sex 0075               10 12 25.23 -01 22 25.8  0.00  0.00  220.2  0.6  0.41 0.02  0.31 0.05 0.999 0
Sex 0076               10 13 18.32 -01 29 31.6 18.06  1.21  224.5  0.4  0.44 0.01  0.43 0.02 0.998 1
Sex 0077               10 12 48.61 -01 30 16.1 18.12  0.85  133.8  0.8  0.35 0.01  0.79 0.05 0.000 1
Sex 0078               10 12 14.87 -01 30 32.0 19.06  1.04  226.3  4.6  0.38 0.03  0.31 0.08 0.999 1
Sex 0079               10 13 39.93 -01 40 49.2 18.97  0.69  152.1  0.5  0.30 0.01  0.50 0.03 0.000 1
Sex 0080               10 13 30.14 -01 40 20.0 19.40  0.99  231.4  2.0  0.31 0.02  0.21 0.05 0.998 1
Sex 0081               10 13 29.78 -01 38 22.4 19.82 99.00  228.9  3.1  0.33 0.03  0.24 0.07 0.999 1
Sex 0082               10 13 26.42 -01 36 36.2 19.88  0.96  213.9  3.9  0.42 0.05  0.32 0.13 0.997 1
Sex 0083               10 13 27.54 -01 34  4.1 20.06  0.83  232.8  1.2  0.35 0.02  0.43 0.07 0.997 1
Sex 0084               10 13 34.81 -01 37 54.0 20.28  0.64  233.8  5.2  0.28 0.10  0.75 0.11 0.554 1
Sex 0085               10 13 43.08 -01 38  5.6 18.81  0.82  150.8  0.9  0.34 0.02  0.99 0.02 0.000 1
Sex 0086               10 13  9.94 -01 29 34.9 19.32  1.01  232.3  2.3  0.42 0.05  0.33 0.12 0.998 1
Sex 0087               10 13  6.68 -01 34 19.5 19.84  0.96  222.8  3.1  0.31 0.04  0.29 0.08 1.000 1
Sex 0088               10 13 15.64 -01 29 22.2 20.02  0.96  224.0  0.9  0.29 0.03  0.32 0.06 0.999 1
Sex 0089               10 12 54.01 -01 31 34.3 19.72 99.00  218.2  1.9  0.27 0.03  0.34 0.07 0.999 1
Sex 0090               10 13 40.21 -01 38 48.5 18.95  1.04  242.9  1.4  0.29 0.02  0.25 0.05 0.988 1
Sex 0091               10 13 36.90 -01 38 28.4 19.65  0.92   54.1  0.5  0.37 0.03  0.90 0.03 0.000 1
Sex 0092               10 13 23.72 -01 35 36.3 18.69  1.04  223.4  0.8  0.39 0.02  0.41 0.04 0.999 1
Sex 0093               10 13 22.07 -01 36 17.2 19.85  0.95  232.6  4.8  0.42 0.04  0.27 0.12 0.999 1
Sex 0094               10 13 27.48 -01 43 44.5  0.00  0.00 -115.0  5.7  0.07 0.12  0.23 0.16 0.000 0
Sex 0095               10 13 14.67 -01 33 40.9 20.01  0.96  231.1  4.8  0.44 0.04  0.14 0.12 0.999 1
Sex 0096               10 13 16.00 -01 34 39.7 19.35  0.99  218.5  1.1  0.32 0.04  0.33 0.08 0.999 1
Sex 0097               10 13 17.61 -01 30  7.3 20.39  0.73  221.0  2.3  0.31 0.03  0.36 0.06 0.999 1
Sex 0098               10 13 16.66 -01 32 41.4 19.95  0.94  219.1  0.5  0.38 0.02  0.33 0.06 0.999 1
Sex 0099               10 13 19.55 -01 34 31.7 19.88  0.96  231.6  5.0  0.33 0.04  0.40 0.09 0.998 1
Sex 0100               10 13 18.58 -01 34 50.1 18.04  1.16  230.4  0.5  0.35 0.01  0.37 0.03 0.999 1
Sex 0101               10 13  8.16 -01 44 50.1 18.35  1.36  198.8  1.7  0.26 0.02  0.87 0.04 0.000 1
Sex 0102               10 13 10.20 -01 42  7.2 18.80  1.09  231.3  1.6  0.38 0.02  0.51 0.06 0.989 1
Sex 0103               10 13  5.89 -01 44 51.5 18.45  1.14  221.9  0.6  0.39 0.02  0.40 0.04 0.999 1
Sex 0104               10 13  7.57 -01 41 13.0 19.34  0.95  222.1  1.5  0.37 0.03  0.33 0.07 1.000 1
Sex 0105               10 13  8.57 -01 39 12.7 19.04  0.80  230.3  4.6  0.30 0.03  0.29 0.08 1.000 1
Sex 0106               10 13  4.29 -01 34 58.8 18.44 99.00  223.8  0.9  0.35 0.02  0.40 0.04 1.000 1
Sex 0107               10 13  3.13 -01 35 39.0 19.40  0.97  221.4  1.7  0.39 0.03  0.35 0.07 1.000 1
Sex 0108               10 12 48.21 -01 42 23.5 19.44  0.85  200.2  0.7  0.41 0.03  0.86 0.04 0.000 1
Sex 0109               10 12 49.33 -01 42 17.9 18.70  1.05  216.0  0.8  0.32 0.02  0.34 0.03 0.999 1
Sex 0110               10 12 39.36 -01 36 13.3 19.79  0.95  230.2  0.7  0.41 0.02  0.29 0.05 0.999 1
Sex 0111               10 12 47.83 -01 36 10.3 19.07  1.04  225.7  0.7  0.33 0.03  0.38 0.07 1.000 1
Sex 0112               10 13 12.40 -01 42  8.3 18.20  1.16  242.8  0.7  0.37 0.01  0.30 0.06 0.995 1
Sex 0113               10 13  3.10 -01 42 14.1 18.45  1.06  224.8  1.2  0.37 0.02  0.27 0.06 1.000 1
Sex 0114               10 13 36.58 -01 33 17.6 20.33  0.74  -13.6 10.2  0.00 0.00  0.53 0.16 0.000 1
Sex 0115               10 13 16.72 -01 39 56.7 19.14  1.06  221.8  6.2  0.38 0.03  0.48 0.07 0.997 1
Sex 0116               10 13 18.76 -01 31 13.8 18.19  1.18  217.2  2.4  0.32 0.02  0.42 0.06 0.998 1
Sex 0117               10 13 22.90 -01 28 34.8 18.60  0.76  195.8  1.5  0.32 0.02  0.67 0.05 0.000 1
Sex 0118               10 13  2.06 -01 42 46.3 20.41  0.73  125.3  9.0  0.00 0.00  0.24 0.35 0.000 1
Sex 0119               10 13  4.92 -01 39 12.8 17.94  1.18  224.5  1.2  0.36 0.01  0.42 0.04 1.000 1
Sex 0120               10 13  1.37 -01 38 26.6 18.67  1.09  232.5  3.0  0.38 0.02  0.39 0.06 1.000 1
Sex 0121               10 13 58.30 -01 31  5.3 20.05  0.96  223.3  4.9  0.43 0.08 -0.02 0.23 0.996 1
Sex 0122               10 13 35.72 -01 31 44.9 19.86  0.78  221.4  5.5  0.31 0.05  0.24 0.11 0.998 1
Sex 0123               10 13 37.26 -01 32  4.5 19.55  0.93  222.8  2.0  0.41 0.06  0.59 0.12 0.974 1
Sex 0124               10 13 44.01 -01 32 17.3 20.26  0.81  218.7  1.5  0.39 0.04  0.24 0.11 0.998 1
Sex 0125               10 13 46.12 -01 29 43.6 18.87  0.95  222.1  0.8  0.32 0.03  0.38 0.06 0.999 1
Sex 0126               10 13 34.99 -01 29 50.0 19.82  0.98  226.5  4.3  0.35 0.05  0.21 0.13 0.998 1
Sex 0127               10 14 22.31 -01 30 22.7 18.96  1.02  215.6  3.4  0.34 0.05  0.40 0.12 0.980 1
Sex 0128               10 14 26.12 -01 29 12.6  0.00  0.00   23.7  2.6  0.40 0.03  0.81 0.06 0.000 0
Sex 0129               10 14 10.92 -01 21  4.8  0.00  0.00  223.5  2.0  0.42 0.04  0.36 0.09 0.994 0
Sex 0130               10 14  8.86 -01 21 50.9  0.00  0.00  223.7  1.9  0.29 0.03  0.34 0.07 0.995 0
Sex 0131               10 14  9.01 -01 22 55.4  0.00  0.00  289.0  4.2  0.29 0.05  0.64 0.08 0.000 0
Sex 0132               10 14  1.53 -01 34 10.8  0.00  0.00   17.3  4.9  0.43 0.14  0.52 0.20 0.000 0
Sex 0133               10 14  1.52 -01 31 44.0 19.46  1.01  232.4  4.5  0.56 0.11  0.16 0.27 0.991 1
Sex 0134               10 14  2.87 -01 28 19.0  0.00  0.00  232.7  1.6  0.31 0.04  0.57 0.07 0.715 0
Sex 0135               10 13 50.28 -01 28  1.1 18.31  1.08  139.9  1.0  0.36 0.02  0.89 0.02 0.000 1
Sex 0136               10 13 51.13 -01 25 19.9 19.16  0.97  225.6  3.6  0.37 0.03  0.33 0.07 0.997 1
Sex 0137               10 13 55.11 -01 17  3.8  0.00  0.00  218.2  0.4  0.43 0.01  0.42 0.02 0.989 0
Sex 0138               10 13 54.50 -01 24 56.3 19.78  1.00   97.1  1.1  0.41 0.06  1.07 0.07 0.000 1
Sex 0139               10 14  3.30 -01 17 44.0  0.00  0.00  -94.9  4.0  0.26 0.08  0.22 0.18 0.000 0
Sex 0140               10 14  4.67 -01 23 46.6 18.27  1.04  246.7  2.0  0.36 0.02  0.93 0.02 0.000 1
Sex 0141               10 14  6.88 -01 24 38.8 20.00  0.95  223.5  3.4  0.45 0.06  0.36 0.15 0.989 1
Sex 0142               10 13 47.67 -01 28 51.8 20.32 99.00  201.6  3.5  0.44 0.08  0.78 0.16 0.105 1
Sex 0143               10 13 48.39 -01 26 17.3 20.00  0.73  151.7  2.2  0.33 0.05  0.47 0.10 0.000 1
Sex 0144               10 13 42.65 -01 27 38.0 20.44  0.91  -18.5  3.5  0.39 0.06  0.20 0.16 0.000 1
Sex 0145               10 13 45.78 -01 26 44.8 19.57  0.92  220.0  1.1  0.34 0.04  0.42 0.09 0.995 1
Sex 0146               10 13 46.50 -01 25 50.3 18.65  1.09  219.8  1.0  0.40 0.03  0.31 0.06 0.998 1
Sex 0147               10 13 34.53 -01 19 11.4  0.00  0.00  228.2  2.2  0.37 0.03  0.38 0.06 0.994 0
Sex 0148               10 13 38.77 -01 20  0.0  0.00  0.00   34.6  0.6  0.38 0.01  0.92 0.02 0.000 0
Sex 0149               10 13 36.01 -01 20 42.7  0.00  0.00  220.5  0.6  0.34 0.01  0.34 0.03 0.997 0
Sex 0150               10 13 41.22 -01 20 52.6  0.00  0.00  212.8  2.1  0.25 0.02  0.30 0.05 0.990 0
Sex 0151               10 13 42.16 -01 24 39.2 19.91  0.95  227.2  0.9  0.38 0.02  0.31 0.06 0.998 1
Sex 0152               10 13 38.54 -01 24 51.4 20.37  0.92  225.5  2.3  0.39 0.04  0.20 0.10 0.997 1
Sex 0153               10 13 40.92 -01 26 22.4 19.52  0.97  145.4  1.8  0.27 0.05  0.98 0.04 0.000 1
Sex 0154               10 13 45.22 -01 20 22.4  0.00  0.00  -21.0  0.5  0.37 0.02  0.92 0.03 0.000 0
Sex 0155               10 13 44.19 -01 24 11.4 19.12  0.95  226.4  0.7  0.34 0.02  0.30 0.04 0.998 1
Sex 0156               10 13 36.29 -01 28 30.2 17.90  0.95   36.7  0.5  0.42 0.01  0.92 0.02 0.000 1
Sex 0157               10 13 33.53 -01 30 59.4 19.35  1.03  222.1  1.6  0.39 0.03  0.34 0.07 0.999 1
Sex 0158               10 13 31.56 -01 28 43.0 20.12  0.89  223.5  2.5  0.40 0.04  0.41 0.10 0.997 1
Sex 0159               10 13 29.52 -01 27 17.1 20.15 99.00  167.4  3.0  0.26 0.05  0.48 0.09 0.000 1
Sex 0160               10 13 22.95 -01 22 27.1  0.00  0.00  226.6  0.4  0.38 0.01  0.40 0.02 0.997 0
Sex 0161               10 13 28.56 -01 20 57.9  0.00  0.00  166.0  1.0  0.34 0.03  0.76 0.05 0.000 0
Sex 0162               10 13 32.39 -01 22 12.9  0.00  0.00   96.7  1.5  0.33 0.02  0.87 0.02 0.000 0
Sex 0163               10 13 21.74 -01 26 20.6 18.65  1.08  229.2  0.6  0.37 0.01  0.39 0.03 0.999 1
Sex 0164               10 12 29.46 -01 33 36.9  0.00  0.00   89.7  5.7  0.00 0.00  0.00 0.00 0.000 0
Sex 0165               10 13  6.88 -01 41 51.0 18.06  1.12  -48.0  1.0  0.36 0.02  0.90 0.02 0.000 1
Sex 0166               10 12 43.86 -01 42  3.0 19.85  0.79  226.4  2.0  0.30 0.03  0.33 0.06 0.999 1
Sex 0167               10 13  2.07 -01 44 36.3 20.18  0.67  226.1  1.1  0.29 0.04  0.60 0.07 0.899 1
Sex 0168               10 12 51.56 -01 37 55.3 20.35  0.74  225.4  2.6  0.30 0.03  0.23 0.07 1.000 1
Sex 0169               10 13  5.69 -01 40 46.7 20.01  0.80  266.1  1.5  0.33 0.03  0.95 0.04 0.000 1
Sex 0170               10 12 53.89 -01 45 27.1 18.96  1.02  229.2  0.9  0.34 0.02  0.41 0.05 0.999 1
Sex 0171               10 12 53.72 -01 45  2.9 19.76  0.95  228.2  1.3  0.44 0.05  0.59 0.13 0.986 1
Sex 0172               10 12 48.61 -01 36 56.5 18.68  1.11  227.3  0.5  0.39 0.02  0.42 0.05 0.999 1
Sex 0173               10 12 43.51 -01 43  6.6 18.81  1.05  220.8  0.9  0.36 0.02  0.38 0.04 0.999 1
Sex 0174               10 12 44.70 -01 42 48.9 18.93  1.17  233.4  3.0  0.28 0.04  0.00 0.09 0.986 1
Sex 0175               10 12 37.04 -01 45 26.9 18.52  1.27   22.5  2.1  0.40 0.02  0.77 0.05 0.000 1
Sex 0176               10 12 37.72 -01 44 15.0 19.81  0.98  226.1  2.5  0.30 0.03  0.30 0.07 0.999 1
Sex 0177               10 12 40.27 -01 41 46.1 18.74  0.77   66.8  0.4  0.36 0.02  0.74 0.03 0.000 1
Sex 0178               10 12 38.87 -01 41 45.0 19.20  1.00  228.2  1.7  0.32 0.03  0.34 0.07 0.999 1
Sex 0179               10 12 35.91 -01 41 15.2 18.66  1.14  219.1  0.8  0.41 0.02  0.40 0.04 0.999 1
Sex 0180               10 12 27.77 -01 39 27.2 20.17  0.60  195.8  3.9  0.27 0.09  0.43 0.19 0.455 1
Sex 0181               10 12 41.56 -01 31 57.1 18.46  1.12  221.6  1.8  0.34 0.04  0.41 0.09 0.999 1
Sex 0182               10 12 35.13 -01 39 40.2 19.11  0.93  228.9  5.5  0.29 0.05  0.39 0.09 0.998 1
Sex 0183               10 12 26.79 -01 45  5.1 19.68  1.10  256.8  3.2  0.21 0.11  1.11 0.06 0.000 1
Sex 0184               10 12 26.94 -01 44 31.7 19.23  0.97  215.4  4.8  0.28 0.04  0.14 0.10 0.997 1
Sex 0185               10 12 26.09 -01 43 31.1 19.95  0.84  222.2  1.1  0.37 0.02  0.41 0.05 0.998 1
Sex 0186               10 12 30.71 -01 42  7.5 19.80  0.97  226.0  0.8  0.36 0.03  0.47 0.05 0.993 1
Sex 0187               10 12 16.15 -01 45 48.1 17.65  1.29  221.0  0.4  0.43 0.01  0.38 0.02 0.998 1
Sex 0188               10 12 16.23 -01 44 45.4 18.12  1.09  210.0  0.8  0.29 0.01  0.29 0.02 0.992 1
Sex 0189               10 12 21.23 -01 42 46.0 17.81  0.88   22.7  0.4  0.41 0.01  0.94 0.01 0.000 1
Sex 0190               10 12 25.05 -01 42 31.2 19.24  1.03  252.4  2.3  0.32 0.02  0.27 0.06 0.799 1
Sex 0191               10 12 30.19 -01 40 48.5  0.00  0.00    7.8  1.2  0.33 0.03  0.47 0.06 0.000 0
Sex 0192               10 12 27.95 -01 37  4.3 19.15  0.60   40.3  4.9  0.22 0.05  0.25 0.11 0.000 1
Sex 0193               10 12 31.29 -01 35 58.5 18.60  0.83  -13.1  0.8  0.36 0.02  0.81 0.05 0.000 1
Sex 0194               10 12 10.70 -01 42 47.8 19.34  1.00  220.7  2.2  0.35 0.02  0.44 0.04 0.993 1
Sex 0195               10 12 25.28 -01 40 44.9 19.92  0.95  224.3  1.8  0.31 0.02  0.38 0.05 0.999 1
Sex 0196               10 12  6.04 -01 45 41.0 17.56  1.22   48.6  0.9  0.38 0.01  0.87 0.01 0.000 1
Sex 0197               10 12  6.84 -01 45 15.1  0.00  0.00  230.5  0.7  0.38 0.01  0.49 0.03 0.951 0
Sex 0198               10 12  6.70 -01 42 38.6 20.02 99.00  223.3  2.8  0.33 0.05  0.54 0.10 0.970 1
Sex 0199               10 12  5.64 -01 40 57.2 18.86  1.11  220.7  1.1  0.36 0.01  0.33 0.04 0.998 1
Sex 0200               10 12 22.84 -01 35 35.9 18.37  1.13  234.7  0.9  0.34 0.01  0.36 0.03 0.999 1
Sex 0201               10 12 26.12 -01 36 35.8 20.37  0.71  214.1  5.8  0.07 0.30  0.62 0.46 0.978 1
Sex 0202               10 12 18.45 -01 40  3.4 19.63  0.59  251.5  4.6  0.32 0.03  0.27 0.08 0.929 1
Sex 0203               10 12 18.40 -01 40 22.2 19.68  0.98  221.9  1.1  0.33 0.02  0.41 0.04 0.998 1
Sex 0204               10 12 57.96 -01 37 42.4 19.32  0.93  234.8  6.7  0.32 0.04  0.41 0.09 1.000 1
Sex 0205               10 13 19.83 -01 43 49.3  0.00  0.00   41.0  1.0  0.28 0.01  0.46 0.05 0.000 0
Sex 0206               10 13 45.19 -01 56 59.7  0.00  0.00   35.2  1.4  0.36 0.02  0.91 0.03 0.000 0
Sex 0207               10 13 51.60 -01 55 39.2  0.00  0.00   19.7  0.7  0.41 0.01  0.93 0.02 0.000 0
Sex 0208               10 13 44.67 -01 55 14.6  0.00  0.00   71.3  0.6  0.36 0.02  0.91 0.03 0.000 0
Sex 0209               10 13 37.42 -01 44 32.2 18.78  1.00  225.8  1.6  0.34 0.02  0.35 0.06 0.999 1
Sex 0210               10 13 44.59 -01 48 15.5 18.70  0.95   50.1  0.7  0.38 0.02  0.96 0.04 0.000 1
Sex 0211               10 13 48.16 -01 45 36.5 19.73  0.86   61.5  3.0  0.34 0.08  0.74 0.13 0.000 1
Sex 0212               10 13 33.05 -01 59 52.8  0.00  0.00  226.2  2.3  0.30 0.02  0.35 0.05 0.997 0
Sex 0213               10 13 32.93 -01 55 33.0  0.00  0.00  235.9  2.8  0.30 0.02  0.13 0.05 0.944 0
Sex 0214               10 13 31.68 -01 54 22.7  0.00  0.00  219.2  2.0  0.38 0.03  0.49 0.06 0.989 0
Sex 0215               10 12 40.41 -01 51 49.0  0.00  0.00  107.8  2.0  0.21 0.02  0.30 0.04 0.000 0
Sex 0216               10 13 45.66 -01 45  4.3 19.79  0.93   52.9  9.7  0.44 0.04  0.25 0.12 0.000 1
Sex 0217               10 13 13.70 -01 45  1.7 18.95  1.06  225.8  4.7  0.34 0.03  0.33 0.07 0.999 1
Sex 0218               10 13 38.79 -01 47 54.2 19.07  0.84   60.5  9.0  0.24 0.05  0.81 0.10 0.000 1
Sex 0219               10 13 21.79 -01 55 16.1  0.00  0.00  116.3  4.5  0.30 0.03  0.75 0.09 0.000 0
Sex 0220               10 13 25.91 -01 54 49.8  0.00  0.00   -4.4  3.1  0.40 0.03  0.64 0.09 0.000 0
Sex 0221               10 13 19.40 -01 53 16.6  0.00  0.00   44.4  2.8  0.40 0.03  0.68 0.09 0.000 0
Sex 0222               10 13 22.85 -01 46 24.6 19.45  0.66   73.1  6.6  0.37 0.05  0.55 0.10 0.000 1
Sex 0223               10 13 24.05 -01 50  2.4 17.57  0.81   51.1  0.9  0.36 0.01  0.80 0.09 0.000 1
Sex 0224               10 13 15.11 -01 58 59.3  0.00  0.00   48.7  2.5  0.31 0.03  0.74 0.09 0.000 0
Sex 0225               10 13 18.55 -01 54 11.3  0.00  0.00  222.7  7.3  0.37 0.03  0.32 0.09 0.998 0
Sex 0226               10 13 16.60 -01 53 16.1  0.00  0.00   11.7  5.4  0.30 0.04  0.65 0.09 0.000 0
Sex 0227               10 13 12.95 -01 42 20.1 18.70  1.07  225.7  6.7  0.34 0.02  0.40 0.08 0.999 1
Sex 0228               10 13 16.26 -01 46 19.3 18.88  1.01  220.9  5.2  0.35 0.02  0.28 0.08 0.999 1
Sex 0229               10 13  9.48 -01 48 30.5 17.62  0.75  132.5  1.0  0.32 0.01  0.71 0.09 0.000 1
Sex 0230               10 12 56.88 -01 57  8.8  0.00  0.00  127.0  5.5  0.34 0.03  0.44 0.09 0.000 0
Sex 0231               10 12 54.58 -01 52 32.1  0.00  0.00  238.3  7.1  0.34 0.03  0.43 0.09 0.993 0
Sex 0232               10 12 42.76 -01 52  2.5  0.00  0.00    3.4  2.2  0.29 0.02  0.69 0.09 0.000 0
Sex 0233               10 12 57.25 -01 47 10.5 19.39  0.93  221.9  6.7  0.37 0.03  0.34 0.10 0.998 1
Sex 0234               10 12 45.48 -01 47 56.0 18.89  0.89  226.2  4.8  0.35 0.02  0.23 0.08 0.999 1
Sex 0235               10 13  2.58 -01 45  3.3 17.67  0.73   68.7  4.5  0.29 0.01  0.34 0.07 0.000 1
Sex 0236               10 13  4.89 -01 45 10.8 19.15  1.07   -7.7  8.2  0.44 0.03  0.40 0.09 0.000 1
Sex 0237               10 12  6.04 -01 44 49.0 19.23  0.68  156.8  1.2  0.27 0.02  0.27 0.05 0.000 1
Sex 0238               10 12  4.14 -01 44 45.1 19.07  1.03  227.0  2.6  0.30 0.02  0.24 0.05 0.996 1
Sex 0239               10 12  1.06 -01 44 31.0 19.98  1.10  118.0  3.5  0.17 0.05  0.81 0.07 0.000 1
Sex 0240               10 12 41.74 -01 51 47.6  0.00  0.00  231.3  1.2  0.32 0.02  0.46 0.05 0.989 0
Sex 0241               10 12 32.67 -02 00  5.0  0.00  0.00  222.7  2.5  0.35 0.05  0.80 0.08 0.002 0
Sex 0242               10 12 39.40 -01 58 51.8  0.00  0.00  224.5  0.8  0.31 0.01  0.52 0.02 0.759 0
Sex 0243               10 12 33.05 -01 58 27.9  0.00  0.00   74.6  0.4  0.43 0.01  0.94 0.01 0.000 0
Sex 0244               10 12 30.32 -01 58 22.0  0.00  0.00   17.8  0.4  0.37 0.01  0.73 0.02 0.000 0
Sex 0245               10 12 27.29 -01 58 13.2  0.00  0.00  214.3  3.3  0.33 0.03  0.12 0.09 0.979 0
Sex 0246               10 12 32.21 -01 55 24.2  0.00  0.00   74.0  0.5  0.32 0.02  0.60 0.03 0.000 0
Sex 0247               10 12 21.23 -01 44 52.8 19.91  0.92  173.4  1.4  0.34 0.04  0.84 0.05 0.000 1
Sex 0248               10 12 22.00 -01 47  0.7 17.94  1.17  221.5  0.5  0.38 0.01  0.40 0.02 0.997 1
Sex 0249               10 12 20.58 -01 51 23.0  0.00  0.00   14.1  1.5  0.20 0.01  0.59 0.02 0.000 0
Sex 0250               10 12 16.74 -01 52 55.2  0.00  0.00   77.0  1.4  0.24 0.02  0.32 0.04 0.000 0
Sex 0251               10 12 37.02 -01 52 20.5  0.00  0.00  264.5  0.8  0.32 0.01  0.57 0.02 0.000 0
Sex 0252               10 12 35.47 -01 53  0.6  0.00  0.00  284.8  0.7  0.36 0.01  0.60 0.02 0.000 0
Sex 0253               10 12 40.14 -01 56 42.9  0.00  0.00  300.3  1.6  0.34 0.02  0.55 0.03 0.000 0
Sex 0254               10 12 19.37 -02 02 32.6  0.00  0.00   46.3  0.8  0.43 0.01  0.90 0.01 0.000 0
Sex 0255               10 12 27.63 -02 02  9.4  0.00  0.00    7.2  0.9  0.33 0.02  0.87 0.03 0.000 0
Sex 0256               10 12 20.99 -01 59 23.8  0.00  0.00   22.3  1.8  0.36 0.03  0.92 0.03 0.000 0
Sex 0257               10 12 22.24 -01 55 50.6  0.00  0.00  320.5  2.7  0.34 0.02  0.43 0.04 0.000 0
Sex 0258               10 12 16.35 -01 54 50.7  0.00  0.00  216.8  0.8  0.33 0.02  0.36 0.04 0.994 0
Sex 0259               10 12 19.74 -01 54 45.2  0.00  0.00   80.7  0.4  0.41 0.01  0.65 0.02 0.000 0
Sex 0260               10 12  9.33 -02 03 49.9  0.00  0.00  161.3  0.5  0.31 0.02  0.52 0.03 0.000 0
Sex 0261               10 12 12.24 -02 02 36.9  0.00  0.00   56.7  0.3  0.38 0.01  0.81 0.01 0.000 0
Sex 0262               10 12 13.75 -02 00 49.3  0.00  0.00  231.2  0.9  0.32 0.02  0.31 0.04 0.996 0
Sex 0263               10 12 12.61 -01 58 32.0  0.00  0.00   43.3  0.6  0.38 0.01  0.59 0.03 0.000 0
Sex 0264               10 12  8.23 -01 55 11.2  0.00  0.00    9.8  0.5  0.36 0.01  0.70 0.02 0.000 0
Sex 0265               10 12 10.41 -01 44 54.6  0.00  0.00    5.8  0.7  0.32 0.02  0.69 0.03 0.000 0
Sex 0266               10 12  6.58 -01 47 56.7 19.37 99.00  221.1  1.8  0.29 0.02  0.34 0.05 0.997 1
Sex 0267               10 12  5.28 -01 49 11.0 18.26  0.69  446.7  3.4  0.29 0.01  0.37 0.03 0.000 1
Sex 0268               10 12 12.52 -01 44 55.1 20.32  0.67  231.5  5.2  0.25 0.05  0.38 0.10 0.995 1
Sex 0269               10 12 18.36 -01 46 37.0 20.10  1.02  -76.6  2.5  0.38 0.06  0.93 0.07 0.000 1
Sex 0270               10 12 18.99 -01 48 34.7 17.89  0.94    8.0  0.5  0.36 0.01  0.93 0.01 0.000 1
Sex 0271               10 11 58.15 -01 57 21.8  0.00  0.00  214.0  1.6  0.36 0.03  0.46 0.05 0.950 0
Sex 0272               10 12  2.47 -01 57  3.8  0.00  0.00  216.5  1.1  0.33 0.03  0.41 0.05 0.989 0
Sex 0273               10 11 59.64 -01 56 15.9  0.00  0.00  284.3  2.2  0.32 0.02  0.40 0.05 0.000 0
Sex 0274               10 12  1.74 -01 56  6.3  0.00  0.00  -16.1  0.4  0.33 0.02  0.76 0.02 0.000 0
Sex 0275               10 11 51.96 -02 01  2.3  0.00  0.00  100.6  0.8  0.31 0.02  0.87 0.03 0.000 0
Sex 0276               10 11 47.44 -02 00 13.1  0.00  0.00  333.4  5.5  0.41 0.04  0.66 0.08 0.000 0
Sex 0277               10 11 55.12 -01 58 37.4  0.00  0.00  248.0  1.2  0.32 0.02  0.40 0.04 0.720 0
Sex 0278               10 11 55.96 -01 57 28.5  0.00  0.00  211.9  0.9  0.40 0.02  0.54 0.04 0.480 0
Sex 0279               10 11 55.88 -01 55 20.2  0.00  0.00   52.2  0.8  0.35 0.01  0.97 0.02 0.000 0
Sex 0280               10 11 59.61 -01 54 51.6  0.00  0.00  220.4  3.5  0.29 0.04  0.33 0.09 0.994 0
Sex 0281               10 11 58.25 -01 44 37.0 18.81  1.19   41.0  1.4  0.36 0.02  0.89 0.03 0.000 1
Sex 0282               10 11 57.88 -01 46 55.5 18.20  1.18  220.8  0.4  0.42 0.01  0.47 0.02 0.955 1
Sex 0283               10 11 56.52 -01 47 33.0 19.39  0.98  227.4  1.6  0.34 0.02  0.36 0.05 0.996 1
Sex 0284               10 11 58.08 -01 48 33.9 19.97  0.70  303.2  3.1  0.26 0.04  0.43 0.07 0.000 1
Sex 0285               10 11 58.90 -01 50 34.3 17.84  0.59   53.5  0.3  0.36 0.01  0.77 0.01 0.000 1
Sex 0286               10 11 59.18 -01 51 34.7  0.00  0.00   43.0  0.5  0.37 0.01  0.91 0.01 0.000 0
Sex 0287               10 12  2.58 -01 48  2.1 18.66  0.86   27.4  0.5  0.39 0.02  0.88 0.02 0.000 1
Sex 0288               10 12  2.88 -01 48 27.0 19.18  0.54   12.6  1.2  0.25 0.02  0.36 0.03 0.000 1
Sex 0289               10 11 42.88 -01 59 57.5  0.00  0.00  219.8  2.3  0.37 0.03  0.34 0.07 0.993 0
Sex 0290               10 11 35.44 -01 58 13.9  0.00  0.00  217.4  1.4  0.33 0.02  0.42 0.05 0.985 0
Sex 0291               10 11 40.36 -01 57 32.3  0.00  0.00  210.1  1.3  0.23 0.02  0.38 0.03 0.973 0
Sex 0292               10 11 41.28 -01 56 10.0  0.00  0.00  220.0  0.7  0.36 0.02  0.40 0.04 0.991 0
Sex 0293               10 11 50.94 -01 53 58.9  0.00  0.00  108.5  3.4  0.29 0.04  0.40 0.08 0.000 0
Sex 0294               10 11 29.26 -01 57 40.7  0.00  0.00  294.6  1.2  0.30 0.01  0.42 0.02 0.000 0
Sex 0295               10 11 33.02 -01 56 24.3  0.00  0.00   28.6  0.5  0.38 0.02  0.86 0.03 0.000 0
Sex 0296               10 11 34.93 -01 52 34.0  0.00  0.00   19.7  0.8  0.35 0.02  0.99 0.02 0.000 0
Sex 0297               10 11 40.81 -01 47  4.4 19.36  0.75  123.7  2.4  0.35 0.03  0.58 0.06 0.000 1
Sex 0298               10 11 39.87 -01 48  6.6 17.89  0.68  123.4  0.4  0.38 0.01  0.74 0.02 0.000 1
Sex 0299               10 11 43.76 -01 49 58.1  0.00  0.00  179.5  2.2  0.24 0.02  0.34 0.05 0.000 0
Sex 0300               10 11 48.89 -01 46 34.0 19.02  0.88   49.1  0.8  0.32 0.02  0.87 0.02 0.000 1
Sex 0301               10 11 54.46 -01 47 12.6 18.94  1.01  206.4  1.5  0.26 0.02  0.26 0.04 0.951 1
Sex 0302               10 11 47.78 -01 50 30.4  0.00  0.00  171.7  0.5  0.34 0.01  0.69 0.02 0.000 0
Sex 0303               10 11 51.33 -01 51  4.5  0.00  0.00   41.6  0.6  0.27 0.01  0.42 0.02 0.000 0
Sex 0304               10 11 50.61 -01 51 54.6  0.00  0.00    0.2  0.3  0.38 0.01  0.74 0.01 0.000 0
Sex 0305               10 11 54.18 -01 52 50.2  0.00  0.00   61.5  0.3  0.38 0.01  0.86 0.01 0.000 0
Sex 0306               10 13  8.92 -01 32 39.1 20.07  0.84  218.7  3.1  0.49 0.06  0.45 0.16 0.997 1
Sex 0307               10 13 12.47 -01 29 17.2 19.71 99.00  230.2  1.4  0.32 0.04  0.25 0.09 0.999 1
Sex 0308               10 13  5.69 -01 33 34.7 19.52  0.72  221.2  3.7  0.25 0.04  0.38 0.09 0.999 1
Sex 0309               10 13  6.28 -01 33 10.4 20.00  0.93  221.7  2.9  0.25 0.06  0.56 0.11 0.994 1
Sex 0310               10 13  1.59 -01 29 26.4 20.11  0.82  234.1  3.6  0.31 0.05  0.39 0.11 0.997 1
Sex 0311               10 13  4.27 -01 22 17.8  0.00  0.00  225.2  1.1  0.33 0.02  0.37 0.05 0.999 0
Sex 0312               10 13  8.74 -01 23 12.9  0.00  0.00  218.5  3.4  0.24 0.06  0.52 0.12 0.988 0
Sex 0313               10 13  4.52 -01 26 10.7 19.89 99.00  219.5  4.8  0.20 0.04  0.24 0.09 0.999 1
Sex 0314               10 13 14.64 -01 24 36.3 20.25  0.57  218.6  3.6  0.26 0.03  0.33 0.07 0.999 1
Sex 0315               10 13  2.04 -01 34  5.5 20.23  0.80  216.2  1.3  0.33 0.03  0.36 0.06 0.999 1
Sex 0316               10 12 54.57 -01 35 49.2 20.23  0.93  202.1  2.1  0.33 0.04  0.41 0.08 0.990 1
Sex 0317               10 12 53.14 -01 35 40.9 20.45  0.94  227.1  1.6  0.34 0.03  0.44 0.06 0.999 1
Sex 0318               10 12 50.61 -01 34 56.8 19.90  0.99  219.2  1.9  0.31 0.04  0.40 0.09 0.999 1
Sex 0319               10 12 51.65 -01 34  3.0 20.41  0.72  231.6  1.3  0.31 0.03  0.42 0.06 0.999 1
Sex 0320               10 12 54.02 -01 19 34.8  0.00  0.00  224.2  2.9  0.35 0.05  0.30 0.11 0.999 0
Sex 0321               10 12 55.65 -01 21 10.7  0.00  0.00  197.3  1.6  0.31 0.03  0.28 0.05 0.776 0
Sex 0322               10 13  3.13 -01 23 17.0 20.19  0.71  227.9  1.9  0.27 0.03  0.42 0.06 0.998 1
Sex 0323               10 13  1.17 -01 26 52.5 20.40  0.78  222.7  2.8  0.38 0.06  0.26 0.14 0.999 1
Sex 0324               10 12 44.73 -01 35 24.9 20.39  0.74  228.6  2.3  0.32 0.03  0.27 0.06 0.999 1
Sex 0325               10 12 32.55 -01 21 18.7  0.00  0.00  224.6  3.1  0.38 0.05  0.27 0.12 0.999 0
Sex 0326               10 12 35.81 -01 23 13.3 18.75  0.90  227.4  1.7  0.31 0.04  0.28 0.10 0.999 1
Sex 0327               10 12 45.88 -01 20 57.1  0.00  0.00  215.2  1.4  0.31 0.04  0.34 0.09 0.997 0
Sex 0328               10 12 36.51 -01 33 13.4 20.34  0.59  220.8  2.6  0.24 0.03  0.32 0.06 0.999 1
Sex 0329               10 12 35.78 -01 31 48.0 20.42 99.00  224.2  1.3  0.34 0.02  0.30 0.06 0.999 1
Sex 0330               10 12 28.15 -01 33 57.1 20.16  0.92  223.0  2.7  0.28 0.05  0.30 0.12 0.999 1
Sex 0331               10 12 22.96 -01 33  2.7 20.05  0.80  234.7  1.6  0.27 0.03  0.31 0.06 0.998 1
Sex 0332               10 12 25.73 -01 31 16.0 20.27  0.94  236.8  1.2  0.33 0.03  0.37 0.06 0.998 1
Sex 0333               10 12 15.82 -01 24  0.2 18.06  1.08  225.1  4.3  0.31 0.03  0.34 0.09 0.999 1
Sex 0334               10 12  8.82 -01 25 31.8 20.24  0.91  236.2  3.5  0.36 0.06  0.30 0.14 0.996 1
Sex 0335               10 12 28.96 -01 23 22.2 20.00  0.66  148.3  2.2  0.29 0.04  0.54 0.07 0.000 1
Sex 0336               10 12 29.84 -01 24 49.4 20.45  0.58  172.4  5.5  0.28 0.05  0.23 0.13 0.000 1
Sex 0337               10 12 25.96 -01 25 59.5 19.88  0.86  230.0  2.3  0.39 0.05  0.27 0.12 0.998 1
Sex 0338               10 13 12.04 -01 32 44.0 19.48  0.73  197.4  1.9  0.31 0.03  0.64 0.06 0.005 1
Sex 0339               10 12 48.71 -01 28 41.3 19.70  0.77  219.6  2.2  0.30 0.04  0.33 0.08 0.999 1
Sex 0340               10 12 40.27 -01 29  7.6 19.22  1.02  230.7  1.0  0.39 0.05  0.31 0.12 0.999 1
Sex 0341               10 12 37.91 -01 28 23.0 19.53  0.97  218.4  0.9  0.41 0.03  0.39 0.08 0.999 1
Sex 0342               10 12 43.86 -01 19 16.4  0.00  0.00  220.7  1.5  0.40 0.03  0.41 0.07 0.998 0
Sex 0343               10 12 37.38 -01 26 43.4 20.15  0.93  219.6  2.1  0.34 0.05  0.29 0.11 0.999 1
Sex 0344               10 12 29.00 -01 30 40.3 20.36  0.74  226.8  2.7  0.27 0.04  0.34 0.08 0.999 1
Sex 0345               10 12 18.50 -01 30 10.1 20.12  0.77  225.5  2.6  0.32 0.05  0.46 0.09 0.995 1
Sex 0346               10 12 51.95 -01 30  0.8 19.66  0.96  226.6  4.1  0.29 0.06  0.33 0.12 0.999 1
Sex 0347               10 12 50.55 -01 33 32.9 19.96  0.97  212.9  1.5  0.34 0.03  0.34 0.07 0.999 1
Sex 0348               10 13  1.87 -01 35 24.3 19.80  0.98  212.0  2.7  0.24 0.06  0.69 0.09 0.828 1
Sex 0349               10 13 21.24 -01 25 49.9 19.94  0.95  227.8  1.3  0.38 0.02  0.41 0.05 0.998 1
Sex 0350               10 12 14.10 -01 33 37.9 19.95  0.96  200.6  1.4  0.40 0.05  0.43 0.10 0.791 1
Sex 0351               10 13 19.63 -01 26 56.5 19.97  0.95  235.0  5.3  0.31 0.06  0.37 0.12 0.996 1
Sex 0352               10 12 41.96 -01 30 30.2 19.95  0.86  224.2  3.5  0.34 0.05  0.24 0.12 0.999 1
Sex 0353               10 12 29.10 -01 18 18.4  0.00  0.00  219.0  3.5  0.36 0.05  0.31 0.12 0.996 0
Sex 0354               10 12 33.41 -01 23 10.5 20.03  0.93  138.2  1.8  0.36 0.06  0.88 0.07 0.000 1
Sex 0355               10 12 31.24 -01 23 37.1 20.42  0.73   18.0  1.1  0.31 0.08  0.89 0.08 0.000 1
Sex 0356               10 12 34.15 -01 26 29.5 20.24  0.88   66.2  1.4  0.36 0.05  0.77 0.08 0.000 1
Sex 0357               10 12 38.63 -01 24  1.6 20.22  0.77  227.2  2.9  0.30 0.06  0.24 0.12 0.999 1
Sex 0358               10 12 31.14 -01 32 53.7 19.84  0.97  228.9  3.8  0.33 0.05  0.33 0.11 0.999 1
Sex 0359               10 12 22.23 -01 22 26.0  0.00  0.00  219.2  4.8  0.29 0.06  0.45 0.12 0.994 0
Sex 0360               10 13 14.01 -01 22 24.9  0.00  0.00  102.5  1.1  0.33 0.04  0.98 0.04 0.000 0
Sex 0361               10 12 41.02 -01 30 11.6 17.56  1.32  226.3  0.5  0.40 0.02  0.39 0.08 0.999 1
Sex 0362               10 12 43.86 -01 18 24.1  0.00  0.00  235.2  1.0  0.38 0.02  0.40 0.04 0.994 0
Sex 0363               10 13  1.60 -01 21 50.0  0.00  0.00  -18.0  0.7  0.45 0.03  0.99 0.04 0.000 0
Sex 0364               10 12 39.04 -01 29 58.8 17.87  1.23  233.7  0.5  0.35 0.02  0.37 0.04 0.999 1
Sex 0365               10 12 53.28 -01 21 38.5  0.00  0.00   15.2  8.9  0.33 0.12  0.50 0.14 0.000 0
Sex 0366               10 12 26.11 -01 19 45.5  0.00  0.00  237.3  8.1  0.33 0.07  0.27 0.14 0.996 0
Sex 0367               10 12 40.43 -01 24 51.6 18.33  1.12  230.4  1.1  0.36 0.03  0.40 0.08 0.998 1
Sex 0368               10 12 40.00 -01 25 11.6 18.50  1.14   39.7  1.7  0.30 0.05  0.73 0.10 0.000 1
Sex 0369               10 12 27.02 -01 30 21.1  0.00  0.00  230.7  2.0  0.38 0.03  0.35 0.09 0.999 0
Sex 0370               10 12 24.50 -01 30 29.5 18.99  0.94    3.8  3.6  0.34 0.08  0.80 0.12 0.000 1
Sex 0371               10 12 29.30 -01 29 18.2 19.33  1.02  217.1 10.6  0.31 0.06  0.26 0.13 0.998 1
Sex 0372               10 12 21.09 -01 32  9.5 19.45  0.69   83.3  3.9  0.33 0.04  0.49 0.09 0.000 1
Sex 0373               10 12 22.30 -01 24  1.5 18.89  1.01  233.6  3.7  0.33 0.04  0.34 0.11 0.997 1
Sex 0374               10 13 12.60 -01 29 45.2 18.68  1.13   35.1  1.9  0.35 0.05  0.88 0.10 0.000 1
Sex 0375               10 12 20.28 -01 19 39.9  0.00  0.00   26.2  3.1  0.33 0.04  0.89 0.10 0.000 0
Sex 0376               10 12 27.41 -01 26 47.5 19.31  1.02  235.5  5.8  0.31 0.07  0.23 0.15 0.997 1
Sex 0377               10 12 31.37 -01 18  7.5  0.00  0.00  250.2  2.9  0.36 0.06  0.72 0.11 0.010 0
Sex 0378               10 12 11.92 -01 31 47.1 18.61  0.87  207.4  3.0  0.33 0.04  0.79 0.09 0.012 1
Sex 0379               10 12  8.83 -01 31  8.3 19.04  1.01  233.7  6.8  0.43 0.06  0.22 0.15 0.997 1
Sex 0380               10 12  8.15 -01 29  8.5 18.96  1.01  204.1  7.9  0.23 0.08  0.39 0.13 0.980 1
Sex 0381               10 12  5.06 -01 28 55.2 17.34  1.36   31.4  3.8  0.33 0.04  0.76 0.10 0.000 1
Sex 0382               10 13 43.02 -01 37 13.6  0.00  0.00  211.0  2.7  0.36 0.05  0.37 0.11 0.992 0
Sex 0383               10 13 35.52 -01 40 46.0 20.26  0.73  230.6  3.2  0.27 0.04  0.28 0.10 0.999 1
Sex 0384               10 13 26.91 -01 39 59.1  0.00  0.00   -8.7  4.5  0.27 0.05  0.25 0.13 0.000 0
Sex 0385               10 13 26.34 -01 35 15.5 20.38  0.71  218.0  3.4  0.28 0.04  0.38 0.08 0.999 1
Sex 0386               10 13 27.62 -01 36 56.2  0.00  0.00  232.0  4.8  0.31 0.05  0.37 0.10 0.998 0
Sex 0387               10 13 30.59 -01 34  3.9 20.34  0.86  208.9  1.9  0.28 0.04  0.33 0.08 0.995 1
Sex 0388               10 13 47.21 -01 37 13.8  0.00  0.00  296.2  1.6  0.34 0.03  0.95 0.03 0.000 0
Sex 0389               10 13 37.26 -01 40  4.0 20.23  0.74  226.6  2.3  0.33 0.04  0.25 0.08 0.999 1
Sex 0390               10 12 47.68 -01 32 55.6 20.10  0.93  218.9  1.8  0.29 0.03  0.27 0.06 0.999 1
Sex 0391               10 13 16.98 -01 30 30.8 20.29  0.66  231.9  2.8  0.36 0.05  0.25 0.11 0.999 1
Sex 0392               10 13 27.32 -01 30 56.8 20.32  0.91  226.1  1.7  0.39 0.05  0.33 0.11 0.999 1
Sex 0393               10 13 23.56 -01 43 47.6 20.31  0.71  223.6  3.5  0.33 0.05  0.39 0.11 0.999 1
Sex 0394               10 13 24.65 -01 40 32.4 20.40  0.73  216.3  2.9  0.29 0.05  0.44 0.10 0.996 1
Sex 0395               10 13 14.07 -01 33 14.4 20.36  0.67  223.4  5.5  0.27 0.04  0.29 0.08 0.999 1
Sex 0396               10 13 14.62 -01 34 33.0 21.06 99.00  216.1  2.6  0.30 0.05  0.39 0.10 0.998 1
Sex 0397               10 13 16.80 -01 34  2.0 20.45  0.66  222.1  5.1  0.33 0.05  0.29 0.12 0.999 1
Sex 0398               10 12 52.88 -01 40 41.0 20.33  0.71  232.8  3.2  0.30 0.07  0.47 0.13 0.996 1
Sex 0399               10 12 52.07 -01 40 30.2 20.20  0.58  242.1  3.0  0.28 0.05  0.11 0.12 0.994 1
Sex 0400               10 12 48.85 -01 40 27.9 20.11  0.78  229.6  1.9  0.36 0.05  0.13 0.13 0.999 1
Sex 0401               10 12 43.11 -01 40 14.7 19.80  0.99  230.9  1.1  0.46 0.03  0.26 0.07 0.999 1
Sex 0402               10 13 37.50 -01 31 11.5 20.34  0.73  227.8  3.7  0.26 0.05  0.40 0.10 0.997 1
Sex 0403               10 13 13.70 -01 44 44.0 19.69  0.97  220.9  4.3  0.40 0.06  0.40 0.14 0.998 1
Sex 0404               10 13 12.57 -01 38 11.5 20.15  0.83  221.5  2.5  0.36 0.04  0.18 0.10 1.000 1
Sex 0405               10 13 21.31 -01 32 42.2 20.50  0.89  212.3  4.3  0.31 0.05  0.30 0.10 0.998 1
Sex 0406               10 13 19.71 -01 33 26.0 19.98  0.94  217.5  1.5  0.33 0.04  0.35 0.09 0.999 1
Sex 0407               10 13 26.66 -01 31 26.5 20.39  0.90  230.6  2.9  0.33 0.04  0.25 0.10 0.999 1
Sex 0408               10 13 25.24 -01 32 10.4 20.39  0.71  225.3  2.5  0.34 0.04  0.17 0.10 0.999 1
Sex 0409               10 13 11.23 -01 35  1.9 19.69  0.98  233.2  1.4  0.32 0.06  0.43 0.12 0.998 1
Sex 0410               10 12 56.26 -01 34 18.3 20.27  0.80   66.3  1.0  0.33 0.03  0.59 0.05 0.000 1
Sex 0411               10 13 29.66 -01 28  6.2 20.21 99.00  219.9  2.6  0.35 0.04  0.26 0.10 0.999 1
Sex 0412               10 13 27.59 -01 30 40.0 20.24  0.73  242.7  2.6  0.31 0.04  0.26 0.09 0.991 1
Sex 0413               10 12 35.08 -01 31 23.4 20.46  0.72  225.2  2.2  0.30 0.04  0.38 0.08 0.999 1
Sex 0414               10 13 43.55 -01 41 20.1 20.30  0.60   67.8  2.1  0.32 0.04  0.38 0.08 0.000 1
Sex 0415               10 12 56.84 -01 40 26.3 20.35  0.74  223.3  4.1  0.29 0.05  0.31 0.11 0.999 1
Sex 0416               10 13  1.32 -01 35 21.4 19.99  0.99  222.1  1.4  0.39 0.04  0.38 0.08 1.000 1
Sex 0417               10 12 54.69 -01 31 48.5  0.00  0.00  217.5  6.5  0.32 0.05  0.31 0.11 0.999 0
Sex 0418               10 13 23.88 -01 30 34.3 19.65  0.98  228.7  4.0  0.39 0.07  0.48 0.13 0.996 1
Sex 0419               10 13 19.07 -01 36 19.1 20.12  0.95  225.2 11.0  0.46 0.09  0.22 0.21 0.998 1
Sex 0420               10 12 58.02 -01 38 58.3 19.42  0.91  207.1  6.2  0.42 0.03  0.27 0.09 0.998 1
Sex 0421               10 12 39.11 -01 40 18.0 19.56  1.00  219.2  6.7  0.40 0.04  0.25 0.10 0.999 1
Sex 0422               10 12 38.65 -01 32  6.1 19.28  1.00  136.3  1.5  0.36 0.04  0.84 0.10 0.000 1
Sex 0423               10 13 25.98 -01 36 11.0 18.97  1.05  210.4  1.4  0.36 0.03  0.42 0.09 0.992 1
Sex 0424               10 13  6.84 -01 37 52.1 17.46  1.32  227.8  0.8  0.40 0.01  0.43 0.06 1.000 1
Sex 0425               10 10 18.37 -00 53  4.4  0.00  0.00  123.5  4.0  0.30 0.04  0.31 0.09 0.000 0
Sex 0426               10 10 18.16 -00 48 54.8  0.00  0.00   58.4  0.7  0.38 0.02  0.93 0.02 0.000 0
Sex 0427               10 10 16.89 -00 48 24.8  0.00  0.00   15.0  0.5  0.39 0.01  0.96 0.01 0.000 0
Sex 0428               10 10 10.20 -00 44 20.5  0.00  0.00  139.1  5.7  0.29 0.05  0.28 0.11 0.000 0
Sex 0429               10 10 12.78 -00 45 11.1  0.00  0.00  154.2  5.8  0.28 0.05  0.00 0.13 0.000 0
Sex 0430               10 10 19.20 -00 47  5.4  0.00  0.00   71.4  1.0  0.41 0.03  0.76 0.05 0.000 0
Sex 0431               10 10 22.95 -00 44 38.9  0.00  0.00   46.2  2.8  0.38 0.05  0.62 0.09 0.000 0
Sex 0432               10 10 31.48 -00 46  3.0  0.00  0.00  141.6  0.4  0.36 0.02  0.68 0.03 0.000 0
Sex 0433               10 10 27.37 -00 46 16.3  0.00  0.00   30.1  3.8  0.27 0.04  0.43 0.08 0.000 0
Sex 0434               10 10 26.68 -00 47 43.2  0.00  0.00   28.2  0.4  0.38 0.02  0.71 0.03 0.000 0
Sex 0435               10 09 59.34 -00 52  8.8  0.00  0.00   11.2  0.4  0.47 0.01  0.88 0.02 0.000 0
Sex 0436               10 10  5.22 -00 52  2.7  0.00  0.00  223.7  4.5  0.32 0.04  0.36 0.08 0.987 0
Sex 0437               10 09 58.24 -00 51 40.3  0.00  0.00   82.3  2.3  0.35 0.05  0.47 0.09 0.000 0
Sex 0438               10 10 12.05 -00 50 23.7  0.00  0.00   46.6  0.6  0.34 0.02  0.65 0.03 0.000 0
Sex 0439               10 09 58.93 -00 55 17.9  0.00  0.00  112.2  3.4  0.30 0.03  0.42 0.07 0.000 0
Sex 0440               10 09 51.38 -00 55  5.4  0.00  0.00  123.1  2.9  0.28 0.04  0.37 0.09 0.000 0
Sex 0441               10 09 41.84 -00 42 20.5  0.00  0.00  285.5  5.0  0.23 0.03  0.28 0.07 0.000 0
Sex 0442               10 09 33.80 -00 53 34.2  0.00  0.00  135.4  1.4  0.34 0.03  0.92 0.04 0.000 0
Sex 0443               10 09 39.74 -00 52 28.1  0.00  0.00   95.8  1.7  0.40 0.04  0.70 0.06 0.000 0
Sex 0444               10 09 30.21 -00 55  9.4  0.00  0.00   29.4  2.5  0.34 0.04  1.02 0.04 0.000 0
Sex 0445               10 09 25.23 -00 54  7.4  0.00  0.00    3.9  0.6  0.39 0.02  0.75 0.03 0.000 0
Sex 0446               10 09 19.03 -00 49 51.3  0.00  0.00   69.5  5.2  0.32 0.08  0.58 0.15 0.000 0
Sex 0447               10 09 25.82 -00 42  1.8  0.00  0.00   54.5  0.7  0.31 0.03  0.96 0.03 0.000 0
Sex 0448               10 09 25.53 -00 43 54.6  0.00  0.00   -8.8  2.5  0.23 0.09  1.28 0.03 0.000 0
Sex 0449               10 09 23.24 -00 44 12.4  0.00  0.00  116.7  2.0  0.50 0.03  0.69 0.06 0.000 0
Sex 0450               10 09 24.23 -00 45 28.1  0.00  0.00   84.8  2.6  0.38 0.08  1.12 0.09 0.000 0
Sex 0451               10 09 37.05 -00 41 50.4  0.00  0.00   11.8  0.4  0.41 0.02  0.94 0.02 0.000 0
Sex 0452               10 13 45.08 -01 56 10.6  0.00  0.00  210.9  3.5  0.28 0.05  0.48 0.08 0.959 0
Sex 0453               10 13 57.20 -01 51 37.1  0.00  0.00  183.3  5.5  0.32 0.07  0.71 0.08 0.000 0
Sex 0454               10 13 23.97 -01 54 53.3  0.00  0.00  228.5  4.3  0.28 0.06  0.25 0.12 0.998 0
Sex 0455               10 14 25.43 -02 03 37.3  0.00  0.00   84.0  1.4  0.25 0.03  0.57 0.05 0.000 0
Sex 0456               10 14 26.62 -02 02 34.9  0.00  0.00   14.2  2.6  0.36 0.02  0.74 0.03 0.000 0
Sex 0457               10 14 34.31 -02 01 19.7  0.00  0.00  132.8  2.0  0.35 0.03  0.51 0.06 0.000 0
Sex 0458               10 14 29.91 -02 00 34.9  0.00  0.00  223.3  3.9  0.36 0.05  0.57 0.09 0.893 0
Sex 0459               10 14 28.35 -01 57 18.5  0.00  0.00  230.3  3.2  0.28 0.03  0.34 0.06 0.995 0
Sex 0460               10 14  8.47 -02 03 53.5  0.00  0.00  242.6  1.6  0.29 0.03  0.70 0.04 0.000 0
Sex 0461               10 14 17.06 -01 59 56.2  0.00  0.00  104.0  1.2  0.32 0.03  0.81 0.04 0.000 0
Sex 0462               10 14 13.64 -01 50 58.7 18.53  0.62  123.5  0.7  0.35 0.02  0.64 0.03 0.000 1
Sex 0463               10 14 19.37 -01 51 25.2  0.00  0.00   16.8  0.9  0.44 0.01  0.92 0.01 0.000 0
Sex 0464               10 14 28.68 -01 53 11.7  0.00  0.00  105.9  2.6  0.43 0.06  0.86 0.08 0.000 0
Sex 0465               10 14 20.01 -01 56 20.7  0.00  0.00    9.2  1.5  0.36 0.01  0.91 0.02 0.000 0
Sex 0466               10 14  4.88 -02 04 50.4  0.00  0.00   21.6  2.6  0.33 0.02  0.76 0.04 0.000 0
Sex 0467               10 14  4.91 -02 03 11.0  0.00  0.00   -3.9  2.3  0.31 0.03  0.91 0.04 0.000 0
Sex 0468               10 14  2.35 -01 59 52.8  0.00  0.00   87.8  0.5  0.38 0.01  0.88 0.02 0.000 0
Sex 0469               10 13 54.48 -01 59 26.1  0.00  0.00    9.3  0.5  0.43 0.02  0.82 0.03 0.000 0
Sex 0470               10 13 58.22 -02 04 29.9  0.00  0.00  100.1  4.1  0.41 0.06  0.75 0.09 0.000 0
Sex 0471               10 13 59.96 -02 03 48.3  0.00  0.00   93.8  1.1  0.40 0.02  0.99 0.02 0.000 0
Sex 0472               10 13 52.73 -02 03 20.1  0.00  0.00   30.0  0.6  0.39 0.02  0.78 0.02 0.000 0
Sex 0473               10 13 59.21 -02 02 55.2  0.00  0.00   15.0  0.4  0.43 0.01  0.61 0.02 0.000 0
Sex 0474               10 13 50.16 -02 00 58.2  0.00  0.00   31.2  0.5  0.35 0.01  0.54 0.03 0.000 0
Sex 0475               10 13 48.64 -01 59 38.2  0.00  0.00   36.8  2.6  0.30 0.04  0.52 0.06 0.000 0
Sex 0476               10 13 49.76 -01 55 37.6  0.00  0.00    5.4  1.0  0.41 0.01  0.97 0.02 0.000 0
Sex 0477               10 14  3.87 -01 57 37.3  0.00  0.00  210.7  3.7  0.43 0.05  0.50 0.09 0.907 0
Sex 0478               10 14  4.48 -01 50 31.1 17.22  0.72  105.4  0.3  0.37 0.01  0.79 0.02 0.000 1
Sex 0479               10 14 12.57 -01 51 56.2  0.00  0.00   30.6  0.3  0.34 0.01  0.54 0.02 0.000 0
Sex 0480               10 14  8.72 -01 54  0.6  0.00  0.00  128.6  1.6  0.36 0.03  0.67 0.05 0.000 0
Sex 0481               10 14 11.68 -01 55 16.0  0.00  0.00  171.1  2.1  0.35 0.03  0.58 0.06 0.000 0
Sex 0482               10 13 28.51 -02 02 31.1  0.00  0.00   55.2  0.6  0.46 0.02  0.90 0.03 0.000 0
Sex 0483               10 13 26.81 -01 52 25.9  0.00  0.00   42.8  1.1  0.38 0.02  0.98 0.02 0.000 0
Sex 0484               10 12 56.13 -01 35 49.9 20.41  0.76  224.7  2.0  0.32 0.04  0.12 0.12 1.000 1
Sex 0485               10 12 32.51 -01 35 19.6 20.29 99.00  232.3  2.6  0.30 0.03  0.24 0.07 0.999 1
Sex 0486               10 12 22.23 -01 32  9.5 19.85  0.78   74.3  1.0  0.32 0.03  0.42 0.06 0.000 1
Sex 0487               10 13  9.67 -01 37 33.1 19.90  0.96  221.4  3.0  0.28 0.05  0.32 0.10 1.000 1
Sex 0488               10 13  9.12 -01 37 11.7 19.88 99.00  223.3  1.2  0.32 0.03  0.36 0.08 1.000 1
Sex 0489               10 13  6.01 -01 37  7.6 20.31 99.00  238.8  4.9  0.38 0.05  0.61 0.10 1.000 1
Sex 0490               10 12 51.39 -01 38 40.9 20.38  0.74  224.9  1.9  0.32 0.04  0.45 0.10 0.999 1
Sex 0491               10 12 45.07 -01 39 41.4 19.94  0.96  209.8  1.6  0.35 0.03  0.35 0.07 0.996 1
Sex 0492               10 12 44.72 -01 39 18.9 20.31  0.81  231.3  2.5  0.28 0.04  0.34 0.09 0.999 1
Sex 0493               10 12 39.25 -01 32  7.0 20.30  0.56  216.9  4.7  0.32 0.03  0.28 0.08 0.999 1
Sex 0494               10 13  3.33 -01 37 22.6 20.04  0.99  213.8  2.6  0.28 0.04  0.24 0.09 1.000 1
Sex 0495               10 12 52.37 -01 37 32.9 20.43  0.74  228.3  5.9  0.26 0.04  0.25 0.09 1.000 1
Sex 0496               10 12 55.41 -01 37 13.0 20.35  0.93  220.1  4.0  0.20 0.04  0.25 0.09 1.000 1
Sex 0497               10 12 57.96 -01 36 24.4  0.00  0.00  182.9  5.9  0.27 0.03  0.11 0.08 0.214 0
Sex 0498               10 13  2.03 -01 36 29.2 20.41  0.75  214.0  2.9  0.27 0.04  0.18 0.09 1.000 1
Sex 0499               10 13  2.09 -01 36 58.7 19.61  0.91  216.8  1.7  0.39 0.06  0.52 0.12 1.000 1
Sex 0500               10 12 31.81 -01 32 49.5  0.00  0.00  238.9  1.1  0.36 0.03  0.27 0.07 0.997 0
Sex 0501               10 12 27.63 -01 39  6.0 20.31  0.60  228.1  3.7  0.23 0.03  0.22 0.08 0.999 1
Sex 0502               10 12 33.79 -01 44 44.8 20.32  0.66  213.2  3.5  0.32 0.04  0.19 0.10 0.997 1
Sex 0503               10 12 25.27 -01 44 32.0 20.34  0.66  218.7  2.7  0.33 0.05  0.45 0.10 0.995 1
Sex 0504               10 12 29.77 -01 36 42.9 19.78  0.98  244.2  1.8  0.28 0.02  0.33 0.05 0.991 1
Sex 0505               10 12 28.80 -01 37 21.7 20.34  0.62  227.2  3.4  0.29 0.04  0.37 0.09 0.999 1
Sex 0506               10 12 16.66 -01 42 44.1 20.24  0.74  226.3  3.8  0.27 0.05  0.35 0.11 0.998 1
Sex 0507               10 12  8.75 -01 41 37.8 20.32  0.94  223.4  2.3  0.35 0.05  0.44 0.10 0.993 1
Sex 0508               10 12 15.62 -01 35  6.3 20.34  0.72  223.4  4.9  0.24 0.04  0.22 0.10 0.999 1
Sex 0509               10 12 26.63 -01 35 35.8 20.27  0.91  215.2  1.8  0.36 0.03  0.22 0.09 0.999 1
Sex 0510               10 12 24.89 -01 36 49.8 20.12  0.78  242.7  3.4  0.37 0.04  0.22 0.09 0.991 1
Sex 0511               10 12 23.09 -01 37 46.7 20.05  1.07   80.8  1.4  0.41 0.03  0.93 0.04 0.000 1
Sex 0512               10 11 57.77 -01 40 42.4 20.05  0.98  115.2  2.7  0.22 0.06  1.04 0.05 0.000 1
Sex 0513               10 12  4.28 -01 38 26.3 19.37  0.78   49.4  0.7  0.39 0.02  0.91 0.02 0.000 1
Sex 0514               10 12  2.50 -01 38  1.2 20.08  0.95  223.1  3.0  0.30 0.02  0.25 0.06 0.998 1
Sex 0515               10 12  3.62 -01 37 25.0 20.30 99.00  223.9  4.2  0.30 0.05  0.32 0.10 0.997 1
Sex 0516               10 12 10.19 -01 34 22.8 19.96  0.94  233.2  2.5  0.34 0.03  0.46 0.07 0.993 1
Sex 0517               10 12  7.56 -01 36 22.4  0.00  0.00  219.7  3.4  0.28 0.03  0.16 0.09 0.998 0
Sex 0518               10 12 10.68 -01 36 58.3 20.44 99.00  224.6  4.5  0.22 0.04  0.40 0.08 0.998 1
Sex 0519               10 12  5.31 -01 37  6.3 20.33  0.82  227.3  5.8  0.33 0.05  0.40 0.10 0.994 1
Sex 0520               10 12 11.73 -01 38 36.1 20.30  0.68  247.5  3.1  0.25 0.04  0.23 0.09 0.960 1
Sex 0521               10 12 50.36 -01 45 40.9 20.10  0.80  224.5  4.0  0.25 0.04  0.33 0.09 0.999 1
Sex 0522               10 12 37.06 -01 40 43.5 20.22  0.78  217.1  5.3  0.28 0.04  0.28 0.09 0.999 1
Sex 0523               10 12 49.49 -01 45 10.7 20.26  0.83  225.8  4.0  0.33 0.04  0.30 0.10 0.999 1
Sex 0524               10 12 22.83 -01 39 22.0 20.17  1.06   49.8  1.7  0.37 0.03  0.98 0.03 0.000 1
Sex 0525               10 11 55.83 -01 37 44.6 20.06  0.59  -40.0  4.0  0.25 0.04  0.39 0.07 0.000 1
Sex 0526               10 12 29.99 -01 38 17.1 18.97  1.09  224.8  1.0  0.37 0.02  0.41 0.04 0.999 1
Sex 0527               10 12 26.21 -01 38 30.0 18.01  1.22  236.1  0.9  0.38 0.01  0.37 0.03 0.998 1
Sex 0528               10 11 53.58 -01 42 37.4 18.95  0.89   82.8  1.3  0.35 0.02  0.96 0.03 0.000 1
Sex 0529               10 11 57.24 -01 38 55.4 19.52  0.98  -30.1  9.1  0.00 0.00  0.00 0.00 0.000 0
Sex 0530               10 12 56.91 -01 39 17.6 19.50  0.99  229.6  8.8  0.48 0.06  0.56 0.12 0.994 1
Sex 0531               10 12 18.23 -01 36 19.6 17.42  1.36   30.9  2.5  0.31 0.02  0.71 0.06 0.000 1
Sex 0532               10 12 24.21 -01 40  1.8 19.59  0.65  135.0  2.4  0.35 0.03  0.45 0.06 0.000 1
Sex 0533               10 12  9.98 -01 38 47.8 20.23  0.63  -25.5  4.8  0.30 0.06  0.20 0.13 0.000 1
Sex 0534               10 11 55.18 -01 38 51.4 19.68  0.95  224.0  3.6  0.33 0.03  0.18 0.08 0.995 1
Sex 0535               10 11 47.48 -01 50 15.4  0.00  0.00  200.4  2.1  0.37 0.03  0.75 0.05 0.000 0
Sex 0536               10 11 48.42 -01 43 19.0 17.80  0.71   62.2  0.4  0.32 0.01  0.81 0.02 0.000 1
Sex 0537               10 11 52.26 -01 34  3.5 19.12  0.97   97.9  1.3  0.39 0.03  0.93 0.04 0.000 1
Sex 0538               10 11 53.85 -01 34 48.9 18.27  0.95    3.9  0.6  0.38 0.01  0.90 0.02 0.000 1
Sex 0539               10 12  5.70 -01 33  3.4 19.30  0.99  219.3  5.0  0.23 0.03  0.24 0.07 0.999 1
Sex 0540               10 11 41.71 -01 44 18.3 19.44  0.60   90.6  2.0  0.26 0.03  0.39 0.06 0.000 1
Sex 0541               10 11 25.24 -01 45 33.1  0.00  0.00  188.2  2.9  0.37 0.05  0.76 0.07 0.000 0
Sex 0542               10 11 19.93 -01 44 17.3  0.00  0.00   77.2  1.5  0.45 0.03  1.04 0.04 0.000 0
Sex 0543               10 11 32.98 -01 34  6.1  0.00  0.00   69.1  1.9  0.43 0.02  0.92 0.04 0.000 0
Sex 0544               10 11 42.15 -01 36  0.4 20.34  1.08  215.7  5.3  0.00 0.00  0.00 0.00 0.936 0
Sex 0545               10 11 35.80 -01 37 41.6  0.00  0.00  230.4  3.4  0.37 0.03  0.04 0.10 0.977 0
Sex 0546               10 11 31.50 -01 39  9.2  0.00  0.00  136.5  0.9  0.34 0.02  0.49 0.03 0.000 0
Sex 0547               10 11 38.71 -01 40 23.8  0.00  0.00  222.7  3.1  0.25 0.03  0.25 0.08 0.995 0
Sex 0548               10 11 46.72 -01 40 36.3 18.57  1.09   18.9  2.1  0.32 0.02  0.74 0.03 0.000 1
Sex 0549               10 11 48.42 -01 33 54.5 18.58  1.12  215.7  0.8  0.46 0.01  0.43 0.03 0.987 1
Sex 0550               10 11 48.05 -01 35 52.4  0.00  0.00  116.8  0.5  0.34 0.01  0.74 0.02 0.000 0
Sex 0551               10 11 51.33 -01 35 59.2 18.30  1.12  226.4  1.2  0.30 0.01  0.40 0.03 0.996 1
Sex 0552               10 11 48.77 -01 36 56.1 19.82  0.67  157.1  3.8  0.32 0.03  0.44 0.07 0.000 1
Sex 0553               10 11 46.93 -01 37 12.9 18.93  1.02   47.8  1.0  0.45 0.02  0.95 0.03 0.000 1
Sex 0554               10 11 48.27 -01 37 32.5 19.25  0.95  222.8  4.7  0.32 0.02  0.32 0.05 0.996 1
Sex 0555               10 11 55.82 -01 34  7.2 17.72  1.04   26.7  2.0  0.32 0.03  0.84 0.09 0.000 1
Sex 0556               10 11 29.23 -01 48 45.4  0.00  0.00   24.0  1.6  0.29 0.02  0.82 0.09 0.000 0
Sex 0557               10 14 26.18 -01 40 47.6  0.00  0.00  186.7  1.8  0.28 0.03  0.37 0.07 0.003 0
Sex 0558               10 14 25.70 -01 39 37.2 20.36  0.70  227.6  2.9  0.30 0.04  0.20 0.10 0.994 1
Sex 0559               10 14 16.92 -01 43 15.7 19.65  0.95  228.1  4.3  0.33 0.04  0.29 0.08 0.996 1
Sex 0560               10 14 21.30 -01 39 55.8 19.83  1.20  123.6  2.5  0.38 0.04  0.87 0.06 0.000 1
Sex 0561               10 14 29.98 -01 34 33.9  0.00  0.00  313.8  2.2  0.34 0.03  0.40 0.06 0.000 0
Sex 0562               10 14 28.11 -01 34 50.8  0.00  0.00  216.4  5.9  0.25 0.04  0.33 0.08 0.992 0
Sex 0563               10 14 31.08 -01 36  6.8  0.00  0.00  306.9  3.0  0.35 0.03  0.57 0.06 0.000 0
Sex 0564               10 14 10.28 -01 45  9.4 19.83  0.95  222.0  1.5  0.37 0.03  0.42 0.07 0.996 1
Sex 0565               10 14  6.18 -01 41 21.4 20.32  0.75  223.9  2.0  0.30 0.04  0.33 0.08 0.998 1
Sex 0566               10 14  2.54 -01 41 43.0 20.47  0.85  222.0  4.4  0.33 0.05  0.33 0.09 0.998 1
Sex 0567               10 13 54.98 -01 40 38.9 20.03  0.94  224.7  4.3  0.23 0.04  0.28 0.09 0.999 1
Sex 0568               10 13 54.89 -01 35 12.1 20.26  0.76  203.5  2.4  0.29 0.05  0.48 0.08 0.872 1
Sex 0569               10 14  6.26 -01 34 14.9 20.14  0.93  241.7  1.2  0.29 0.03  0.30 0.07 0.976 1
Sex 0570               10 14  5.12 -01 36 59.1 20.30  0.92  224.4  1.6  0.36 0.04  0.42 0.08 0.996 1
Sex 0571               10 13 48.57 -01 42  4.9 19.64  0.76   49.1  0.5  0.36 0.03  0.89 0.03 0.000 1
Sex 0572               10 13 52.23 -01 38 50.6 19.83  0.97  224.6  2.5  0.38 0.04  0.42 0.08 0.998 1
Sex 0573               10 13 42.37 -01 44 47.5 19.67  0.90  228.0  4.4  0.37 0.06  0.10 0.15 0.998 1
Sex 0574               10 13 43.70 -01 43 24.4 20.04  0.77  219.8  2.7  0.29 0.04  0.31 0.08 0.999 1
Sex 0575               10 13 45.49 -01 43  4.8 20.36  0.61  223.7  4.9  0.22 0.05  0.32 0.10 0.999 1
Sex 0576               10 13 37.65 -01 42 57.7 19.24  0.95  197.0  0.8  0.37 0.02  0.92 0.03 0.000 1
Sex 0577               10 13 41.53 -01 39 37.1 19.96  0.94  233.4  2.4  0.25 0.04  0.42 0.07 0.997 1
Sex 0578               10 13 37.98 -01 37 33.8 20.34  0.75  217.1  5.4  0.29 0.07  0.20 0.14 0.999 1
Sex 0579               10 14 21.67 -01 43 29.8 20.18  1.08   72.0  2.6  0.44 0.05  0.94 0.07 0.000 1
Sex 0580               10 14 23.01 -01 42 59.3 19.94  0.97  229.3  1.8  0.33 0.03  0.31 0.06 0.996 1
Sex 0581               10 14 20.26 -01 37  2.8 19.69  0.75  223.8  2.2  0.32 0.03  0.33 0.06 0.996 1
Sex 0582               10 14 20.35 -01 32 11.5 17.75  1.31   68.1  2.5  0.33 0.01  0.61 0.02 0.000 1
Sex 0583               10 14 15.14 -01 39 27.8 19.53  0.94  206.6  1.6  0.32 0.03  0.43 0.07 0.915 1
Sex 0584               10 13 40.92 -01 43 53.0 19.92  0.88  222.9  2.3  0.35 0.05  0.49 0.09 0.994 1
Sex 0585               10 13 40.33 -01 42 34.7 19.77  0.73   46.3  0.9  0.37 0.05  0.72 0.07 0.000 1
Sex 0586               10 13 37.85 -01 38 15.6 20.00  0.90  239.7  2.8  0.30 0.04  0.22 0.10 0.997 1
Sex 0587               10 13 38.70 -01 39 13.1 19.20  0.97  240.5  3.5  0.31 0.03  0.27 0.07 0.997 1
Sex 0588               10 13 45.01 -01 45 45.8 19.69  0.76  -53.4  1.8  0.30 0.05  0.46 0.10 0.000 1
Sex 0589               10 13 43.54 -01 38  8.5 19.47  0.71   92.0  1.1  0.30 0.03  0.26 0.06 0.000 1
Sex 0590               10 14 35.56 -01 48  5.2  0.00  0.00   30.9  4.4  0.25 0.06  0.24 0.13 0.000 0
Sex 0591               10 14 46.60 -01 44 17.3  0.00  0.00  218.9  3.0  0.35 0.05  0.83 0.08 0.000 0
Sex 0592               10 14 39.57 -01 43  1.6  0.00  0.00  226.0  3.1  0.38 0.05  0.55 0.10 0.927 0
Sex 0593               10 14 36.99 -01 42 58.3  0.00  0.00  256.8  2.3  0.27 0.02  0.20 0.05 0.067 0
Sex 0594               10 14 36.26 -01 42 16.4  0.00  0.00   80.1  1.5  0.38 0.02  0.93 0.03 0.000 0
Sex 0595               10 14 26.07 -01 44 42.2 19.84  0.96  222.7  3.5  0.27 0.04  0.41 0.07 0.991 1
Sex 0596               10 14 29.30 -01 44 44.5  0.00  0.00   41.5  1.6  0.38 0.02  0.92 0.03 0.000 0
Sex 0597               10 14 34.37 -01 44 29.9  0.00  0.00   67.5  1.4  0.46 0.05  0.70 0.09 0.000 0
Sex 0598               10 14 37.49 -01 34 48.4  0.00  0.00   25.9  3.9  0.26 0.04  0.36 0.08 0.000 0
Sex 0599               10 14 33.04 -01 34 53.0  0.00  0.00  136.5  2.5  0.24 0.02  0.79 0.03 0.000 0
Sex 0600               10 14 33.43 -01 35 54.7  0.00  0.00  215.0  0.6  0.41 0.01  0.44 0.02 0.973 0
Sex 0601               10 14 37.43 -01 39 59.8  0.00  0.00  215.8  2.7  0.32 0.03  0.36 0.07 0.990 0
Sex 0602               10 14 18.29 -01 47 26.4 17.37  0.88  212.0  1.3  0.29 0.02  0.39 0.05 0.987 1
Sex 0603               10 14 18.46 -01 43 20.8 17.90  0.79  156.5  1.5  0.28 0.01  0.15 0.03 0.000 1
Sex 0604               10 14  5.96 -01 48 20.4 17.59  1.04   18.2  1.0  0.40 0.02  0.83 0.03 0.000 1
Sex 0605               10 14  3.02 -01 46 15.2 19.27  0.79  153.8  0.6  0.34 0.03  0.97 0.03 0.000 1
Sex 0606               10 14  6.46 -01 44 54.4 17.00  0.86   56.6  0.4  0.37 0.01  0.92 0.01 0.000 1
Sex 0607               10 14 13.60 -01 34 46.9 19.65  0.98  218.4  1.7  0.34 0.03  0.22 0.06 0.995 1
Sex 0608               10 14 17.14 -01 41 58.8 17.86  1.08  -22.8  1.3  0.39 0.01  0.91 0.02 0.000 1
Sex 0609               10 14  8.48 -01 41 26.1 18.39  1.08   22.6  1.1  0.40 0.02  0.88 0.03 0.000 1
Sex 0610               10 13 46.73 -01 42 46.8 19.15  1.08   29.9  1.6  0.38 0.03  0.80 0.05 0.000 1
Sex 0611               10 13 55.75 -01 35 53.8 19.73  0.98   70.1  1.2  0.28 0.06  0.92 0.06 0.000 1
Sex 0612               10 13 58.85 -01 35 53.0 19.03  0.96   59.5  0.7  0.33 0.02  0.97 0.03 0.000 1
Sex 0613               10 14  3.07 -01 36 32.6  0.00  0.00  232.4  3.2  0.29 0.04  0.19 0.09 0.996 0
Sex 0614               10 14  2.51 -01 37 56.8  0.00  0.00   -5.9  1.0  0.36 0.02  0.92 0.02 0.000 0
Sex 0615               10 13 59.15 -01 40 21.1 18.42  1.08  219.7  0.7  0.36 0.02  0.32 0.03 0.999 1
Sex 0616               10 13 47.26 -01 35 15.2 20.29  0.68  216.4  4.3  0.23 0.04  0.40 0.08 0.997 1
Sex 0617               10 13  5.71 -01 22 46.4  0.00  0.00   31.0  5.8  0.27 0.04  0.10 0.09 0.000 0
Sex 0618               10 13 12.78 -01 22 50.6  0.00  0.00  212.5  3.0  0.18 0.05  0.45 0.10 0.988 0
Sex 0619               10 13 17.58 -01 24 22.8 19.40  0.88  205.6  2.0  0.27 0.03  0.25 0.07 0.985 1
Sex 0620               10 12 56.86 -01 23  5.3 19.35  0.56  223.8  3.9  0.26 0.03  0.31 0.06 0.999 1
Sex 0621               10 12 58.13 -01 23 38.7 19.64  0.93  226.7  1.6  0.29 0.03  0.41 0.05 0.998 1
Sex 0622               10 12 47.98 -01 18 58.9  0.00  0.00  219.3  2.1  0.27 0.04  0.58 0.08 0.928 0
Sex 0623               10 12 43.88 -01 22 12.0  0.00  0.00  228.5  2.5  0.29 0.04  0.34 0.08 0.999 0
Sex 0624               10 13 18.97 -01 26 58.4 19.38  1.00  220.0  1.1  0.32 0.03  0.30 0.06 0.999 1
Sex 0625               10 13 49.90 -01 21 27.0  0.00  0.00   27.1  3.8  0.26 0.04  0.63 0.07 0.000 0
Sex 0626               10 13 26.04 -01 21 47.7  0.00  0.00  223.4  1.5  0.38 0.03  0.38 0.06 0.997 0
Sex 0627               10 13 34.41 -01 23 48.6 19.71  0.62  281.4  2.4  0.34 0.03  0.41 0.07 0.000 1
Sex 0628               10 13  2.53 -01 18 43.0  0.00  0.00  228.8  5.5  0.27 0.05  0.49 0.09 0.982 0
Sex 0629               10 13 30.06 -01 23 42.7 18.17  1.11  229.1  0.4  0.35 0.01  0.42 0.02 0.996 1
Sex 0630               10 13 39.09 -01 14 41.1  0.00  0.00  229.8  1.4  0.29 0.02  0.53 0.04 0.789 0
Sex 0631               10 13 40.72 -01 16 16.3  0.00  0.00  105.3  3.0  0.32 0.06  0.38 0.12 0.000 0
Sex 0632               10 13 46.91 -01 17 31.8  0.00  0.00  248.2  4.0  0.46 0.06  0.36 0.13 0.762 0
Sex 0633               10 13 27.04 -01 19 39.7  0.00  0.00  229.8  2.3  0.34 0.04  0.23 0.09 0.996 0
Sex 0634               10 13 18.38 -01 24 45.2 17.34  1.21   26.6  1.1  0.37 0.02  0.79 0.02 0.000 1
Sex 0635               10 13 20.79 -01 21 57.7  0.00  0.00  141.7  1.4  0.26 0.05  1.04 0.05 0.000 0
Sex 0636               10 13 15.57 -01 21 17.9  0.00  0.00  240.6  2.1  0.34 0.04  0.36 0.09 0.983 0
Sex 0637               10 13 19.56 -01 20 41.2  0.00  0.00  182.4  4.5  0.29 0.06  0.45 0.12 0.002 0
Sex 0638               10 13 34.20 -01 11 50.1  0.00  0.00  214.1  2.5  0.29 0.03  0.22 0.07 0.988 0
Sex 0639               10 13 29.85 -01 11 48.6  0.00  0.00   60.4  1.4  0.38 0.02  0.86 0.03 0.000 0
Sex 0640               10 13 30.89 -01 14  1.5  0.00  0.00  205.6  5.1  0.18 0.05  0.36 0.09 0.948 0
Sex 0641               10 13 25.73 -01 15 20.0  0.00  0.00    1.1  2.4  0.27 0.04  0.30 0.09 0.000 0
Sex 0642               10 13 33.47 -01 17 46.4  0.00  0.00  203.7  1.7  0.29 0.02  0.28 0.05 0.918 0
Sex 0643               10 13 35.30 -01 17 54.7  0.00  0.00  224.5  0.6  0.45 0.01  0.41 0.03 0.993 0
Sex 0644               10 13  8.13 -01 11 20.1  0.00  0.00   92.6  4.7  0.27 0.05  0.39 0.10 0.000 0
Sex 0645               10 13 14.00 -01 15 49.2  0.00  0.00  154.5  1.9  0.29 0.03  0.37 0.07 0.000 0
Sex 0646               10 13 15.31 -01 16 25.3  0.00  0.00  230.4  1.1  0.33 0.03  0.33 0.05 0.997 0
Sex 0647               10 13 26.37 -01 11 13.6  0.00  0.00   46.3  0.7  0.37 0.03  0.68 0.04 0.000 0
Sex 0648               10 13 16.57 -01 11 38.4  0.00  0.00  153.1  4.3  0.20 0.06  0.81 0.08 0.000 0
Sex 0649               10 13 21.53 -01 13 36.8  0.00  0.00   41.5  1.3  0.31 0.06  0.68 0.08 0.000 0
Sex 0650               10 13 25.00 -01 17  1.4  0.00  0.00   20.5  1.4  0.36 0.01  0.79 0.02 0.000 0
Sex 0651               10 13 22.26 -01 17 51.0  0.00  0.00  109.5  4.0  0.35 0.08  0.75 0.15 0.000 0
Sex 0652               10 12 55.48 -01 18 52.4  0.00  0.00   54.6  1.0  0.39 0.02  0.86 0.03 0.000 0
Sex 0653               10 12 49.36 -01 13 53.6  0.00  0.00  -21.2  0.9  0.28 0.02  0.60 0.04 0.000 0
Sex 0654               10 12 53.48 -01 15 16.7  0.00  0.00  233.5  2.0  0.26 0.02  0.02 0.07 0.738 0
Sex 0655               10 12 48.56 -01 15 51.3  0.00  0.00  227.0  2.6  0.28 0.03  0.26 0.08 0.998 0
Sex 0656               10 12 49.63 -01 17  6.3  0.00  0.00 -103.9  3.0  0.34 0.07  0.92 0.08 0.000 0
Sex 0657               10 12 56.16 -01 17 22.6  0.00  0.00   96.3  1.2  0.38 0.04  0.64 0.07 0.000 0
Sex 0658               10 13  1.56 -01 18  0.6  0.00  0.00  250.4  1.7  0.34 0.07  0.89 0.09 0.000 0
Sex 0659               10 13  4.13 -01 14 47.8  0.00  0.00   61.5  1.6  0.39 0.03  0.98 0.04 0.000 0
Sex 0660               10 13  3.08 -01 14 59.8  0.00  0.00  310.3  2.3  0.34 0.03  0.62 0.05 0.000 0
Sex 0661               10 13 10.41 -01 18 13.8  0.00  0.00  232.0  1.6  0.40 0.04  0.40 0.10 0.994 0
Sex 0662               10 11 26.96 -02 05 41.6  0.00  0.00  207.3  1.9  0.29 0.02  0.21 0.05 0.903 0
Sex 0663               10 11 22.47 -02 03 50.9  0.00  0.00   46.8  1.8  0.30 0.02  0.89 0.03 0.000 0
Sex 0664               10 11 31.07 -02 02 55.0  0.00  0.00   90.9  2.1  0.31 0.04  0.92 0.05 0.000 0
Sex 0665               10 11 33.47 -02 01 39.9  0.00  0.00   -0.2  1.6  0.39 0.02  0.86 0.03 0.000 0
Sex 0666               10 11 33.91 -02 00 54.8  0.00  0.00  244.0  5.9  0.24 0.03  0.38 0.07 0.945 0
Sex 0667               10 11 10.42 -02 05  4.4  0.00  0.00   46.4  2.4  0.33 0.03  0.81 0.05 0.000 0
Sex 0668               10 11 10.27 -02 04  3.8  0.00  0.00   82.4  0.7  0.35 0.03  0.50 0.06 0.000 0
Sex 0669               10 11  4.72 -02 05 32.8  0.00  0.00   46.0  1.3  0.39 0.02  0.83 0.03 0.000 0
Sex 0670               10 10 59.75 -02 04 38.4  0.00  0.00  139.7  3.1  0.34 0.05  0.48 0.12 0.000 0
Sex 0671               10 11  5.33 -02 01 40.3  0.00  0.00    7.5  4.0  0.00 0.00  0.00 0.00 0.000 0
Sex 0672               10 10 51.47 -02 06 14.9  0.00  0.00  205.5  3.1  0.43 0.06  0.72 0.10 0.000 0
Sex 0673               10 10 53.58 -02 05  7.9  0.00  0.00   31.2  1.2  0.37 0.02  0.86 0.02 0.000 0
Sex 0674               10 11  1.02 -02 01 40.9  0.00  0.00  104.1  1.1  0.38 0.02  0.90 0.03 0.000 0
Sex 0675               10 10 59.34 -02 01 14.0  0.00  0.00  259.1  2.8  0.28 0.02  0.25 0.06 0.028 0
Sex 0676               10 11 20.61 -01 57 23.6  0.00  0.00   11.2  0.5  0.39 0.01  0.94 0.02 0.000 0
Sex 0677               10 11 25.63 -01 58 14.3  0.00  0.00  117.8  0.7  0.35 0.03  0.64 0.05 0.000 0
Sex 0678               10 11 15.15 -02 00 42.5  0.00  0.00   -8.7  0.8  0.44 0.02  0.98 0.03 0.000 0
Sex 0679               10 10 47.87 -02 10 23.3  0.00  0.00  115.3  1.6  0.28 0.05  0.84 0.06 0.000 0
Sex 0680               10 10 53.62 -02 09 39.0  0.00  0.00  -13.8  3.4  0.23 0.05  0.80 0.08 0.000 0
Sex 0681               10 10 54.12 -02 09 20.5  0.00  0.00   36.5  1.8  0.36 0.05  0.98 0.06 0.000 0
Sex 0682               10 10 48.73 -02 05  3.6  0.00  0.00  151.7  1.6  0.41 0.02  0.81 0.04 0.000 0
Sex 0683               10 10 44.70 -02 01 20.3  0.00  0.00   -9.4  1.1  0.26 0.03  0.57 0.05 0.000 0
Sex 0684               10 10 45.06 -02 09 41.7  0.00  0.00   -1.3  2.0  0.40 0.04  0.74 0.07 0.000 0
Sex 0685               10 10 40.66 -02 03 47.2  0.00  0.00   77.8  0.4  0.40 0.01  0.80 0.02 0.000 0
Sex 0686               10 10 42.91 -02 01 36.6  0.00  0.00  142.7  4.3  0.08 0.07  0.97 0.06 0.000 0
Sex 0687               10 10 49.74 -01 51 44.7  0.00  0.00  125.1  2.3  0.37 0.03  0.80 0.05 0.000 0
Sex 0688               10 10 53.48 -01 53 17.1  0.00  0.00    8.6  3.6  0.27 0.06  0.86 0.06 0.000 0
Sex 0689               10 10 59.55 -01 57 15.5  0.00  0.00  351.5  1.1  0.39 0.01  0.54 0.02 0.000 0
Sex 0690               10 10 51.51 -01 59 36.8  0.00  0.00  107.3  2.3  0.27 0.05  0.67 0.07 0.000 0
Sex 0691               10 10 54.59 -01 59 57.9  0.00  0.00  160.5  1.4  0.27 0.02  0.56 0.04 0.000 0
Sex 0692               10 11  1.57 -01 52  8.0  0.00  0.00  213.3  1.6  0.37 0.04  0.79 0.06 0.000 0
Sex 0693               10 11  7.93 -01 52 59.0  0.00  0.00    1.7  5.1  0.14 0.13  0.33 0.19 0.000 0
Sex 0694               10 11  2.75 -02 00 45.0  0.00  0.00    6.9  0.4  0.37 0.02  0.69 0.02 0.000 0
Sex 0695               10 10 37.09 -02 06 40.7  0.00  0.00  160.8  4.2  0.24 0.09  0.89 0.10 0.000 0
Sex 0696               10 10 36.43 -02 03 58.1  0.00  0.00   64.0  1.9  0.37 0.03  0.65 0.06 0.000 0
Sex 0697               10 10 31.18 -02 05  7.8  0.00  0.00   91.5  1.9  0.30 0.03  0.32 0.06 0.000 0
Sex 0698               10 10 34.84 -02 04 54.4  0.00  0.00   92.8  1.8  0.41 0.04  0.94 0.05 0.000 0
Sex 0699               10 10 30.22 -02 04 40.2  0.00  0.00  203.9  2.9  0.22 0.04  0.59 0.06 0.000 0
Sex 0700               10 10 36.11 -01 57  8.7  0.00  0.00  208.1  4.0  0.00 0.00  0.53 0.23 0.667 0
Sex 0701               10 10 38.87 -01 59 13.0  0.00  0.00  -78.9  2.9  0.01 0.14  0.93 0.09 0.000 0
Sex 0702               10 10 45.93 -01 51 47.4  0.00  0.00   72.2  1.7  0.17 0.05  0.83 0.05 0.000 0
Sex 0703               10 10 44.77 -02 00  9.7  0.00  0.00  107.5  1.9  0.33 0.04  1.07 0.03 0.000 0
Sex 0704               10 12  2.36 -02 03 43.5  0.00  0.00  311.0  3.4  0.26 0.03  0.20 0.06 0.000 0
Sex 0705               10 12 29.62 -02 17 17.0  0.00  0.00  117.1  0.7  0.30 0.02  0.62 0.03 0.000 0
Sex 0706               10 12 42.30 -02 14 53.7  0.00  0.00   67.4  2.8  0.28 0.05  0.52 0.09 0.000 0
Sex 0707               10 12 30.46 -02 15  9.2  0.00  0.00   -1.8  0.4  0.37 0.01  0.95 0.01 0.000 0
Sex 0708               10 12 14.87 -02 13 21.2  0.00  0.00  209.8  1.9  0.27 0.03  0.44 0.06 0.918 0
Sex 0709               10 12 37.68 -02 11 30.6  0.00  0.00  232.4  1.1  0.35 0.02  0.30 0.06 0.993 0
Sex 0710               10 12 27.30 -02 06 32.3  0.00  0.00  227.5  5.2  0.26 0.05  0.27 0.12 0.993 0
Sex 0711               10 12 24.71 -02 07  6.3  0.00  0.00  -14.6  1.1  0.35 0.03  0.97 0.03 0.000 0
Sex 0712               10 12 24.82 -02 08  1.2  0.00  0.00   10.3  0.5  0.30 0.01  0.62 0.02 0.000 0
Sex 0713               10 12 19.46 -02 09 56.4  0.00  0.00   75.2  2.9  0.29 0.02  0.79 0.04 0.000 0
Sex 0714               10 12 19.01 -02 10 42.2  0.00  0.00  186.7  2.0  0.35 0.07  0.66 0.11 0.000 0
Sex 0715               10 12 16.01 -02 21 12.6  0.00  0.00  126.3  1.6  0.26 0.04  0.76 0.05 0.000 0
Sex 0716               10 12 15.96 -02 16  5.4  0.00  0.00  224.8  1.4  0.35 0.03  0.59 0.06 0.374 0
Sex 0717               10 12  8.52 -02 15 37.1  0.00  0.00  219.7  2.4  0.25 0.02  0.43 0.05 0.983 0
Sex 0718               10 12  5.72 -02 15 19.4  0.00  0.00  -23.6  0.8  0.32 0.02  0.38 0.05 0.000 0
Sex 0719               10 12  5.45 -02 14 12.8  0.00  0.00  119.1  2.4  0.24 0.04  0.45 0.07 0.000 0
Sex 0720               10 12  4.53 -02 13 33.5  0.00  0.00   46.6  0.4  0.33 0.02  0.68 0.03 0.000 0
Sex 0721               10 12  8.35 -02 05  9.3  0.00  0.00   86.5  0.4  0.37 0.01  0.69 0.02 0.000 0
Sex 0722               10 12 10.72 -02 05 24.0  0.00  0.00   52.0  1.4  0.43 0.02  0.89 0.03 0.000 0
Sex 0723               10 12  3.90 -02 08  9.6  0.00  0.00  227.1  3.1  0.41 0.06  0.91 0.06 0.000 0
Sex 0724               10 12  8.94 -02 11 31.5  0.00  0.00   16.0  2.7  0.40 0.05  0.92 0.07 0.000 0
Sex 0725               10 12 14.16 -02 04 30.0  0.00  0.00   47.8  0.5  0.36 0.02  0.70 0.03 0.000 0
Sex 0726               10 12 10.41 -02 06 20.2  0.00  0.00   41.7  1.7  0.44 0.04  1.14 0.03 0.000 0
Sex 0727               10 12 12.79 -02 07 52.7  0.00  0.00   35.5  0.6  0.41 0.02  0.94 0.02 0.000 0
Sex 0728               10 11 56.34 -02 21 23.5  0.00  0.00  230.9  2.1  0.30 0.03  0.48 0.06 0.924 0
Sex 0729               10 11 55.21 -02 21 11.9  0.00  0.00   19.1  1.8  0.28 0.04  0.75 0.05 0.000 0
Sex 0730               10 11 53.22 -02 20 34.6  0.00  0.00   46.9  4.2  0.29 0.10  0.23 0.22 0.000 0
Sex 0731               10 11 56.96 -02 12 56.1  0.00  0.00  165.0  0.6  0.37 0.02  0.68 0.03 0.000 0
Sex 0732               10 12  0.81 -02 12 59.0  0.00  0.00  204.1  1.6  0.35 0.03  0.61 0.06 0.014 0
Sex 0733               10 12  0.89 -02 12 26.9  0.00  0.00 -109.0  2.9  0.29 0.06  0.42 0.13 0.000 0
Sex 0734               10 11 53.92 -02 05 29.3  0.00  0.00   11.0  3.3  0.27 0.04  0.43 0.07 0.000 0
Sex 0735               10 11 43.91 -02 06 33.1  0.00  0.00    6.6  0.7  0.44 0.02  0.96 0.03 0.000 0
Sex 0736               10 11 43.99 -02 07 51.4  0.00  0.00  229.5  1.0  0.35 0.02  0.29 0.04 0.995 0
Sex 0737               10 11 45.46 -02 09 59.6  0.00  0.00   43.0  1.4  0.36 0.06  0.89 0.07 0.000 0
Sex 0738               10 11 55.81 -02 02 52.0  0.00  0.00   23.2  2.1  0.35 0.03  0.72 0.06 0.000 0
Sex 0739               10 11 50.85 -02 08 33.7  0.00  0.00  181.1  1.0  0.34 0.03  0.47 0.06 0.000 0
Sex 0740               10 11 49.66 -02 17 42.7  0.00  0.00  225.1  1.7  0.35 0.03  0.33 0.09 0.989 0
Sex 0741               10 11 47.82 -02 15  6.1  0.00  0.00   60.9  2.5  0.24 0.06  1.14 0.04 0.000 0
Sex 0742               10 11 49.30 -02 14 28.8  0.00  0.00  111.7  1.0  0.37 0.02  0.93 0.03 0.000 0
Sex 0743               10 11 47.67 -02 14  4.2  0.00  0.00   22.7  3.0  0.30 0.05  0.91 0.06 0.000 0
Sex 0744               10 11 34.61 -02 05 48.9  0.00  0.00  -52.0  3.6  0.62 0.08  0.66 0.04 0.000 0
Sex 0745               10 11 29.27 -02 07 58.7  0.00  0.00   73.0  4.1  0.37 0.04  0.47 0.08 0.000 0
Sex 0746               10 11 28.61 -02 08 31.9  0.00  0.00    2.6  3.5  0.37 0.04  0.92 0.06 0.000 0
Sex 0747               10 11 37.96 -02 14 37.6  0.00  0.00   25.7  4.2  0.45 0.06  0.97 0.08 0.000 0
Sex 0748               10 11 36.42 -02 16 20.1  0.00  0.00  230.3  4.5  0.32 0.04  0.43 0.11 0.962 0
Sex 0749               10 11 43.00 -02 03 50.3  0.00  0.00  224.7  0.8  0.35 0.01  0.33 0.03 0.996 0
Sex 0750               10 11 47.39 -02 03 50.5  0.00  0.00    8.9  1.3  0.38 0.01  0.99 0.02 0.000 0
Sex 0751               10 11 43.18 -02 04 34.2  0.00  0.00  196.1  1.9  0.38 0.02  0.46 0.06 0.083 0
Sex 0752               10 11 35.47 -02 06 59.7  0.00  0.00   82.2  0.9  0.37 0.03  1.08 0.02 0.000 0
Sex 0753               10 15 48.45 -01 46 49.1  0.00  0.00   27.5  2.3  0.41 0.03  0.75 0.06 0.000 0
Sex 0754               10 15 54.82 -01 44 33.4  0.00  0.00   39.3  2.8  0.33 0.09  0.95 0.08 0.000 0
Sex 0755               10 15 54.02 -01 40 54.8  0.00  0.00   -7.8  2.4  0.45 0.07  0.93 0.10 0.000 0
Sex 0756               10 15 57.75 -01 38 52.3  0.00  0.00   63.5  1.8  0.26 0.08  1.17 0.04 0.000 0
Sex 0757               10 15 55.19 -01 30 56.3  0.00  0.00  397.4  5.6  0.25 0.02  0.28 0.05 0.000 0
Sex 0758               10 15 59.05 -01 33 12.2  0.00  0.00   -8.6  0.4  0.37 0.01  0.82 0.02 0.000 0
Sex 0759               10 16  3.92 -01 33 46.4  0.00  0.00  217.9  1.2  0.34 0.02  0.32 0.06 0.989 0
Sex 0760               10 16  4.82 -01 34 12.3  0.00  0.00  -18.5  2.0  0.25 0.03  0.63 0.04 0.000 0
Sex 0761               10 16  1.09 -01 35 19.2  0.00  0.00  218.1  2.5  0.26 0.03  0.31 0.06 0.990 0
Sex 0762               10 15 57.66 -01 37 56.7  0.00  0.00   97.5  0.9  0.34 0.03  0.78 0.04 0.000 0
Sex 0763               10 15 44.17 -01 44 31.5  0.00  0.00   -8.7  0.4  0.40 0.02  0.69 0.04 0.000 0
Sex 0764               10 15 41.10 -01 44 13.5  0.00  0.00  129.6  2.1  0.28 0.03  0.62 0.05 0.000 0
Sex 0765               10 15 34.32 -01 42 40.4  0.00  0.00   12.7  1.3  0.30 0.02  0.46 0.04 0.000 0
Sex 0766               10 15 35.44 -01 31 10.8  0.00  0.00  229.4  0.6  0.39 0.01  0.38 0.03 0.993 0
Sex 0767               10 15 41.81 -01 34 59.7  0.00  0.00  206.4  2.4  0.37 0.03  0.65 0.05 0.001 0
Sex 0768               10 15 32.19 -01 34 44.5  0.00  0.00  212.4  5.5  0.22 0.08  0.59 0.09 0.597 0
Sex 0769               10 15 45.04 -01 32 19.4  0.00  0.00   91.3  0.8  0.37 0.03  0.56 0.05 0.000 0
Sex 0770               10 15 48.08 -01 32 35.7  0.00  0.00   80.4  1.9  0.39 0.01  0.82 0.02 0.000 0
Sex 0771               10 15 52.08 -01 33 31.1  0.00  0.00  222.9  0.6  0.44 0.01  0.41 0.02 0.986 0
Sex 0772               10 15 54.42 -01 34 14.0  0.00  0.00   50.8  0.6  0.38 0.02  0.77 0.03 0.000 0
Sex 0773               10 15 47.36 -01 36 46.3  0.00  0.00  -20.6  1.6  0.41 0.03  0.88 0.04 0.000 0
Sex 0774               10 15 48.02 -01 37 22.3  0.00  0.00  -49.4  2.0  0.28 0.03  0.54 0.06 0.000 0
Sex 0775               10 15 22.71 -01 45 44.1  0.00  0.00  151.9  2.8  0.26 0.04  0.56 0.07 0.000 0
Sex 0776               10 15 15.76 -01 38 41.8  0.00  0.00   57.1  0.6  0.33 0.02  0.86 0.03 0.000 0
Sex 0777               10 15 12.91 -01 37 59.5  0.00  0.00  228.9  5.4  0.21 0.08  0.55 0.11 0.916 0
Sex 0778               10 15  7.38 -01 44 38.5  0.00  0.00   23.5  2.1  0.36 0.02  0.78 0.03 0.000 0
Sex 0779               10 15 13.31 -01 44 31.6  0.00  0.00   11.3  4.3  0.47 0.08  0.04 0.21 0.000 0
Sex 0780               10 15 13.04 -01 44 12.7  0.00  0.00  -57.6  1.1  0.41 0.02  0.96 0.02 0.000 0
Sex 0781               10 15  9.99 -01 43 21.7  0.00  0.00   94.7  2.9  0.28 0.05  0.74 0.06 0.000 0
Sex 0782               10 15  4.10 -01 41 16.6  0.00  0.00   52.4  3.9  0.28 0.04  0.80 0.06 0.000 0
Sex 0783               10 15 24.54 -01 30 54.9  0.00  0.00  289.9  1.2  0.31 0.02  0.73 0.03 0.000 0
Sex 0784               10 15 24.83 -01 34 15.6  0.00  0.00   66.0  1.0  0.34 0.02  0.93 0.02 0.000 0
Sex 0785               10 15 29.97 -01 34 45.4  0.00  0.00  121.0  4.2  0.28 0.04  0.34 0.08 0.000 0
Sex 0786               10 15 27.77 -01 36 29.1  0.00  0.00  147.0  0.6  0.37 0.01  0.82 0.02 0.000 0
Sex 0787               10 15  1.71 -01 43 49.3  0.00  0.00  116.5  3.9  0.00 0.00  0.00 0.00 0.000 0
Sex 0788               10 14 55.73 -01 39 18.0  0.00  0.00  119.3  1.0  0.33 0.02  0.85 0.03 0.000 0
Sex 0789               10 15  3.80 -01 39  9.0  0.00  0.00   52.7  1.5  0.30 0.03  0.93 0.04 0.000 0
Sex 0790               10 15 19.31 -01 32 36.0  0.00  0.00   53.8  1.3  0.38 0.02  1.05 0.02 0.000 0
Sex 0791               10 15 21.36 -01 33 31.6  0.00  0.00   89.3  0.6  0.33 0.02  0.74 0.03 0.000 0
Sex 0792               10 15  7.32 -01 35  5.1  0.00  0.00   80.0  1.4  0.28 0.03  0.49 0.06 0.000 0
Sex 0793               10 15  7.65 -01 35 36.6  0.00  0.00   37.1  2.1  0.00 0.00  0.00 0.00 0.000 0
Sex 0794               10 15 21.65 -01 36 48.3  0.00  0.00  223.5  1.3  0.30 0.02  0.42 0.04 0.989 0
Sex 0795               10 13 53.52 -01 18 18.8  0.00  0.00  218.9  4.2  0.17 0.07  0.41 0.11 0.986 0
Sex 0796               10 13 45.35 -01 11 34.0  0.00  0.00   -3.7  1.1  0.34 0.03  0.56 0.06 0.000 0
Sex 0797               10 13 50.46 -01 12 48.4  0.00  0.00  212.4  3.6  0.34 0.09  0.44 0.15 0.949 0
Sex 0798               10 13 40.71 -01 11  0.0  0.00  0.00  219.5  1.6  0.30 0.03  0.45 0.05 0.981 0
Sex 0799               10 14 29.84 -01 05  2.1  0.00  0.00  215.4  3.1  0.36 0.03  0.31 0.07 0.989 0
Sex 0800               10 14 34.01 -01 06 45.5  0.00  0.00  212.1  2.2  0.29 0.03  0.53 0.06 0.645 0
Sex 0801               10 14 25.70 -01 07 22.4  0.00  0.00  227.8  2.1  0.41 0.03  0.34 0.08 0.993 0
Sex 0802               10 14 33.95 -01 17 18.9  0.00  0.00  217.4  0.5  0.37 0.01  0.33 0.03 0.994 0
Sex 0803               10 14 49.67 -01 15 35.9  0.00  0.00  222.3  1.5  0.27 0.05  0.27 0.11 0.993 0
Sex 0804               10 14 43.74 -01 13 58.3  0.00  0.00   61.3  0.5  0.36 0.03  0.84 0.04 0.000 0
Sex 0805               10 14 24.00 -01 19 30.2  0.00  0.00  219.1  3.1  0.34 0.04  0.15 0.10 0.992 0
Sex 0806               10 14 26.73 -01 14 15.4  0.00  0.00  225.8  4.6  0.31 0.03  0.11 0.08 0.978 0
Sex 0807               10 14 14.24 -01 03 19.7  0.00  0.00   53.5  1.0  0.38 0.01  0.89 0.02 0.000 0
Sex 0808               10 14  3.60 -01 04 26.6  0.00  0.00  144.2  0.8  0.35 0.01  0.89 0.01 0.000 0
Sex 0809               10 14  0.25 -01 05  5.7  0.00  0.00  106.4  0.5  0.42 0.02  0.88 0.02 0.000 0
Sex 0810               10 14  0.94 -01 08 48.2  0.00  0.00    0.2  1.9  0.36 0.02  0.88 0.02 0.000 0
Sex 0811               10 14 19.48 -01 05  4.0  0.00  0.00   38.2  1.9  0.31 0.04  1.01 0.04 0.000 0
Sex 0812               10 14 17.05 -01 07 22.9  0.00  0.00  -70.6  0.7  0.33 0.02  0.78 0.02 0.000 0
Sex 0813               10 14 18.54 -01 16 12.1  0.00  0.00   47.4  0.5  0.35 0.02  0.87 0.03 0.000 0
Sex 0814               10 13 58.68 -01 16 34.5  0.00  0.00  232.2  3.4  0.34 0.04  0.56 0.08 0.820 0
Sex 0815               10 13 49.35 -01 05  1.3  0.00  0.00   87.6  3.6  0.28 0.04  0.36 0.08 0.000 0
Sex 0816               10 13 50.30 -01 05 47.2  0.00  0.00   73.4  1.5  0.35 0.03  0.56 0.06 0.000 0
Sex 0817               10 13 45.26 -01 10 43.1  0.00  0.00   32.2  1.7  0.33 0.02  0.92 0.02 0.000 0
Sex 0818               10 13 48.74 -01 11 20.8  0.00  0.00  339.2  3.7  0.27 0.04  0.51 0.07 0.000 0
Sex 0819               10 13 48.67 -01 11 38.1  0.00  0.00   66.6  3.2  0.35 0.04  0.42 0.09 0.000 0
Sex 0820               10 13 53.10 -01 03 39.4  0.00  0.00   44.2  2.4  0.36 0.03  0.86 0.04 0.000 0
Sex 0821               10 13 58.91 -01 03 53.7  0.00  0.00  236.0  0.8  0.32 0.01  0.33 0.03 0.991 0
Sex 0822               10 13 50.64 -01 08 45.0  0.00  0.00  241.8  1.0  0.33 0.02  0.48 0.04 0.677 0
Sex 0823               10 13 53.95 -01 13  6.2  0.00  0.00   74.0  1.1  0.39 0.02  0.88 0.03 0.000 0
Sex 0824               10 13 40.44 -01 30 53.3 20.38  0.76  -92.4  2.7  0.36 0.10  0.36 0.22 0.000 1
Sex 0825               10 12 47.24 -01 28 26.7 20.32  0.73   -7.4  1.6  0.34 0.06  0.50 0.11 0.000 1
Sex 0826               10 12 36.86 -01 27 18.2 19.50  0.61  -12.5  0.7  0.27 0.07  0.59 0.12 0.000 1
Sex 0827               10 13 23.24 -01 34 53.5 20.33  0.62  -17.6  2.6  0.35 0.08  0.36 0.21 0.000 1
Sex 0828               10 13 48.46 -01 25 58.8 19.82  0.74  243.4  1.6  0.34 0.04  0.57 0.07 0.293 1
Sex 0829               10 13 44.28 -01 29  0.6 20.36  0.75  225.8  3.1  0.50 0.10  0.33 0.31 0.994 1
Sex 0830               10 13 45.63 -01 24 51.5 20.61  0.48  -10.8  3.0  0.25 0.08  0.46 0.15 0.000 1
Sex 0831               10 13 42.79 -01 22  4.9  0.00  0.00  -14.6  2.8  0.27 0.07  0.63 0.13 0.000 0
Sex 0832               10 13 21.37 -01 35 13.6 20.24  1.09  -18.6  5.5  0.26 0.16 -0.12 0.66 0.000 1
Sex 0833               10 15 17.77 -02 14 15.0  0.00  0.00   42.0  4.9  0.00 0.00  0.00 0.00 0.000 0
Sex 0834               10 15 31.05 -02 09  7.6  0.00  0.00  217.2  1.1  0.37 0.03  0.57 0.07 0.635 0
Sex 0835               10 15 10.51 -02 05 22.5  0.00  0.00  116.7  4.4  0.30 0.07  0.45 0.16 0.000 0
Sex 0836               10 15 31.59 -02 04  5.8  0.00  0.00   48.5  1.6  0.67 0.12  0.99 0.22 0.000 0
Sex 0837               10 15  0.12 -02 15 35.0  0.00  0.00  -18.7  3.5  0.33 0.11  0.47 0.21 0.000 0
Sex 0838               10 15  1.80 -02 14  1.0  0.00  0.00  -18.9  4.1  0.00 0.00 -0.15 0.58 0.000 0
Sex 0839               10 15 14.22 -01 59 28.3  0.00  0.00  258.9  4.1  0.26 0.02  0.47 0.04 0.018 0
Sex 0840               10 14 53.05 -01 59 41.0  0.00  0.00  236.8  2.5  0.34 0.05  0.29 0.10 0.987 0
Sex 0841               10 15 15.80 -02 01 31.6  0.00  0.00   34.7  1.8  0.35 0.04  0.86 0.06 0.000 0
Sex 0842               10 15  1.85 -02 01 49.6  0.00  0.00   49.7  1.6  0.42 0.03  0.83 0.04 0.000 0
Sex 0843               10 14 54.27 -02 01 56.0  0.00  0.00   52.0  1.9  0.26 0.04  0.86 0.05 0.000 0
Sex 0844               10 15  7.32 -02 02 24.6  0.00  0.00  343.8  4.6  0.33 0.07  0.53 0.10 0.000 0
Sex 0845               10 14 58.76 -02 03 11.3  0.00  0.00    5.9  1.1  0.38 0.04  0.76 0.06 0.000 0
Sex 0846               10 14 59.72 -02 03 52.7  0.00  0.00  117.1  1.6  0.32 0.06  0.79 0.08 0.000 0
Sex 0847               10 14 48.39 -02 14 53.0  0.00  0.00   -6.4  4.9  0.00 0.00  0.00 0.00 0.000 0
Sex 0848               10 14 24.30 -02 01  1.7  0.00  0.00   11.4  1.0  0.35 0.02  0.89 0.03 0.000 0
Sex 0849               10 14 38.46 -02 00 26.6  0.00  0.00    4.8  1.4  0.37 0.04  0.85 0.05 0.000 0
Sex 0850               10 14 26.73 -02 07 57.4  0.00  0.00   20.5  3.3  0.36 0.09  0.29 0.22 0.000 0
Sex 0851               10 14 18.73 -02 09  3.8  0.00  0.00  145.2  4.4  0.35 0.15  0.87 0.15 0.000 0
Sex 0852               10 13 46.96 -01 35  0.3 19.73  0.96  225.8  3.2  0.00 0.00  0.00 0.00 0.989 0
Sex 0853               10 13 25.98 -01 38 18.6 20.38  0.93  233.4  2.6  0.00 0.00  0.00 0.00 0.989 0
Sex 0854               10 13 24.58 -01 38  9.4 20.38  0.62  224.3  3.0  0.00 0.00  0.00 0.00 0.993 0
Sex 0855               10 13 31.94 -01 34 54.1 19.87  0.92  228.2  1.6  0.00 0.00  0.00 0.00 0.993 0
Sex 0856               10 13 25.89 -01 40 57.0  0.00  0.00   55.0  5.4  0.00 0.00  0.00 0.00 0.000 0
Sex 0857               10 13 16.17 -01 35 21.7 20.34  0.65  -14.6  3.8  0.00 0.00  0.00 0.00 0.000 0
Sex 0858               10 13  6.39 -01 42  7.9 19.88  0.66  116.3  2.0  0.00 0.00  0.00 0.00 0.000 0
Sex 0859               10 13 31.38 -01 35 11.8 20.31  0.64  227.7  2.4  0.00 0.00  0.00 0.00 0.993 0
Sex 0860               10 13 18.95 -01 40 35.6 20.15  0.94  218.0  2.9  0.00 0.00  0.00 0.00 0.993 0
Sex 0861               10 13 20.75 -01 31 59.0 18.70  1.02  229.2  1.2  0.00 0.00  0.00 0.00 0.993 0
Sex 0862               10 12 59.74 -01 37 33.2 20.49  0.91  229.7  3.8  0.00 0.00  0.00 0.00 1.000 0
Sex 0863               10 13  8.23 -01 35 53.6 19.95  0.91  219.0  1.3  0.00 0.00  0.00 0.00 0.999 0
Sex 0864               10 12 40.76 -01 38  8.2 20.35  0.75  235.2  3.5  0.00 0.00  0.00 0.00 0.987 0
Sex 0865               10 13 11.55 -01 43  1.6 17.55  1.24  231.6  0.8  0.00 0.00  0.00 0.00 0.993 0
Sex 0866               10 13 13.63 -01 44 25.4 19.49  0.99  226.3  3.4  0.00 0.00  0.00 0.00 0.993 0
Sex 0867               10 12 58.07 -01 37 28.8 20.46  0.91  217.4  4.3  0.00 0.00  0.00 0.00 0.998 0
Sex 0868               10 13 19.72 -01 35 15.6 20.29  0.92  225.5  3.1  0.00 0.00  0.00 0.00 0.995 0
Sex 0869               10 13 25.16 -01 33 52.5 20.38  0.71  228.8  3.4  0.00 0.00  0.00 0.00 0.993 0
Sex 0870               10 13 17.54 -01 44 23.1 18.14  0.88   40.5  0.5  0.00 0.00  0.00 0.00 0.000 0
Sex 0871               10 13 37.07 -01 35 26.3 20.35  0.69  231.8  1.8  0.00 0.00  0.00 0.00 0.987 0
Sex 0872               10 12 40.64 -01 35 47.6 19.89  1.02  233.9  3.8  0.00 0.00  0.00 0.00 0.989 0
Sex 0873               10 13  9.23 -01 44  5.2 20.57  0.89  -20.1  9.4  0.00 0.00  0.00 0.00 0.000 0
Sex 0874               10 13 10.58 -01 40 47.5 20.25  0.79  -22.8  8.5  0.00 0.00  0.00 0.00 0.000 0
Sex 0875               10 13  2.31 -01 43 40.4 20.67  0.91  238.8 12.1  0.00 0.00  0.00 0.00 0.990 0
Sex 0876               10 13 38.93 -01 41 38.6 20.32  0.67   -7.5  7.1  0.00 0.00  0.00 0.00 0.000 0
Sex 0877               10 12 41.61 -01 40 10.5 20.39  0.72   19.5  6.0  0.00 0.00  0.00 0.00 0.000 0
Sex 0878               10 14 42.89 -01 14 40.3  0.00  0.00  223.7  3.0  0.00 0.00  0.00 0.00 0.946 0
Sex 0879               10 15 37.04 -01 25 55.0  0.00  0.00  209.9  0.7  0.00 0.00  0.00 0.00 0.654 0
Sex 0880               10 15 26.50 -01 25 20.6  0.00  0.00  221.8  5.7  0.00 0.00  0.00 0.00 0.933 0
Sex 0881               10 15 41.34 -01 23  5.5  0.00  0.00    3.5  0.8  0.00 0.00  0.00 0.00 0.000 0
Sex 0882               10 15 33.87 -01 22 27.4  0.00  0.00   14.7  0.7  0.00 0.00  0.00 0.00 0.000 0
Sex 0883               10 15 28.90 -01 21 42.3  0.00  0.00   79.8  1.4  0.00 0.00  0.00 0.00 0.000 0
Sex 0884               10 15 30.39 -01 21 37.5  0.00  0.00   88.7  0.6  0.00 0.00  0.00 0.00 0.000 0
Sex 0885               10 15 33.09 -01 21  9.3  0.00  0.00  230.2  5.5  0.00 0.00  0.00 0.00 0.903 0
Sex 0886               10 15 16.20 -01 14 48.4  0.00  0.00   37.8  3.1  0.00 0.00  0.00 0.00 0.000 0
Sex 0887               10 15 12.95 -01 16 57.3  0.00  0.00  147.0  0.5  0.00 0.00  0.00 0.00 0.000 0
Sex 0888               10 15 18.71 -01 16 57.1  0.00  0.00   24.7  0.5  0.00 0.00  0.00 0.00 0.000 0
Sex 0889               10 15 25.72 -01 17 28.8  0.00  0.00  223.0  2.4  0.00 0.00  0.00 0.00 0.914 0
Sex 0890               10 15 17.79 -01 19 22.8  0.00  0.00   40.8  3.1  0.00 0.00  0.00 0.00 0.000 0
Sex 0891               10 15 16.50 -01 19 41.4  0.00  0.00  215.2  0.7  0.00 0.00  0.00 0.00 0.878 0
Sex 0892               10 15 36.27 -01 17 14.0  0.00  0.00   12.8  2.3  0.00 0.00  0.00 0.00 0.000 0
Sex 0893               10 15  9.63 -01 26  7.8  0.00  0.00  108.2  2.8  0.00 0.00  0.00 0.00 0.000 0
Sex 0894               10 15 15.55 -01 24 57.8  0.00  0.00  229.1  1.5  0.00 0.00  0.00 0.00 0.940 0
Sex 0895               10 15  2.98 -01 25  6.6  0.00  0.00   74.6  2.0  0.00 0.00  0.00 0.00 0.000 0
Sex 0896               10 15 20.22 -01 24 17.4  0.00  0.00   87.0  3.1  0.00 0.00  0.00 0.00 0.000 0
Sex 0897               10 14 56.31 -01 14 19.4  0.00  0.00   22.2  0.7  0.00 0.00  0.00 0.00 0.000 0
Sex 0898               10 14 51.55 -01 14 46.1  0.00  0.00  224.0  0.5  0.00 0.00  0.00 0.00 0.946 0
Sex 0899               10 14 50.02 -01 16 51.4  0.00  0.00  228.6  5.0  0.00 0.00  0.00 0.00 0.941 0
Sex 0900               10 14 49.08 -01 19 36.3  0.00  0.00  218.7  2.0  0.00 0.00  0.00 0.00 0.932 0
Sex 0901               10 14 50.40 -01 19 36.5  0.00  0.00    1.7  5.1  0.00 0.00  0.00 0.00 0.000 0
Sex 0902               10 14 54.13 -01 19 55.1  0.00  0.00    4.6  4.4  0.00 0.00  0.00 0.00 0.000 0
Sex 0903               10 15  3.32 -01 14 35.2  0.00  0.00    4.7  2.7  0.00 0.00  0.00 0.00 0.000 0
Sex 0904               10 15 11.20 -01 15 12.5  0.00  0.00  109.5  1.1  0.00 0.00  0.00 0.00 0.000 0
Sex 0905               10 15  3.24 -01 16 37.6  0.00  0.00  244.5  1.9  0.00 0.00  0.00 0.00 0.448 0
Sex 0906               10 15  5.98 -01 16 52.6  0.00  0.00   85.3  0.6  0.00 0.00  0.00 0.00 0.000 0
Sex 0907               10 15  4.41 -01 17 43.7  0.00  0.00   51.1  0.7  0.00 0.00  0.00 0.00 0.000 0
Sex 0908               10 14 57.08 -01 17 40.6  0.00  0.00  221.8  1.1  0.00 0.00  0.00 0.00 0.945 0
Sex 0909               10 14 58.92 -01 18 18.0  0.00  0.00  230.3  3.3  0.00 0.00  0.00 0.00 0.936 0
Sex 0910               10 15  1.30 -01 20 44.3  0.00  0.00  132.3  1.2  0.00 0.00  0.00 0.00 0.000 0
Sex 0911               10 14 45.54 -01 28 51.6  0.00  0.00   45.6  1.7  0.00 0.00  0.00 0.00 0.000 0
Sex 0912               10 14 49.29 -01 26  7.3  0.00  0.00  222.5  1.6  0.00 0.00  0.00 0.00 0.946 0
Sex 0913               10 14 51.59 -01 23 52.0  0.00  0.00   14.7  2.6  0.00 0.00  0.00 0.00 0.000 0
Sex 0914               10 14 57.40 -01 23 48.4  0.00  0.00  201.3  1.5  0.00 0.00  0.00 0.00 0.222 0
Sex 0915               10 14 49.00 -01 22 20.3  0.00  0.00  222.1  4.5  0.00 0.00  0.00 0.00 0.945 0
Sex 0916               10 14 46.44 -01 21 52.5  0.00  0.00   -6.4  2.1  0.00 0.00  0.00 0.00 0.000 0
Sex 0917               10 14 29.39 -01 22 35.3  0.00  0.00  219.6  3.8  0.00 0.00  0.00 0.00 0.950 0
Sex 0918               10 14 41.30 -01 23 20.1  0.00  0.00   93.5  2.0  0.00 0.00  0.00 0.00 0.000 0
Sex 0919               10 14 40.30 -01 23 43.4  0.00  0.00  235.2  1.2  0.00 0.00  0.00 0.00 0.888 0
Sex 0920               10 14 47.49 -01 13 42.5  0.00  0.00  149.8  3.6  0.00 0.00  0.00 0.00 0.000 0
Sex 0921               10 14 38.06 -01 29 50.3  0.00  0.00  210.5  2.2  0.00 0.00  0.00 0.00 0.833 0
Sex 0922               10 14 37.07 -01 29 40.1  0.00  0.00  222.5  1.6  0.00 0.00  0.00 0.00 0.957 0
Sex 0923               10 14 35.94 -01 29  2.5  0.00  0.00  220.7  5.0  0.00 0.00  0.00 0.00 0.954 0
Sex 0924               10 14 40.25 -01 28 28.4  0.00  0.00  224.9  0.9  0.00 0.00  0.00 0.00 0.956 0
Sex 0925               10 14 31.86 -01 23 40.4  0.00  0.00   73.4  4.2  0.00 0.00  0.00 0.00 0.000 0
Sex 0926               10 13 39.36 -01 30 11.6  0.00  0.00  214.0  5.6  0.00 0.00  0.00 0.00 0.980 0
Sex 0927               10 13 25.34 -01 34 41.7 20.53  0.88   81.9  6.0  0.00 0.00  0.00 0.00 0.000 0
Sex 0928               10 12 33.54 -01 25 27.9 20.55  0.70  218.6  4.9  0.00 0.00  0.00 0.00 0.989 0
Sex 0929               10 12 44.07 -01 25  6.8 20.29  0.73  232.2  1.9  0.00 0.00  0.00 0.00 0.987 0
Sex 0930               10 12 59.36 -01 27  3.3  0.00  0.00  214.5  4.0  0.00 0.00  0.00 0.00 0.987 0
Sex 0931               10 12 38.58 -01 29 18.8 18.67  1.11  233.9  2.2  0.00 0.00  0.00 0.00 0.988 0
Sex 0932               10 12 42.34 -01 25 56.5 19.91  0.96  219.7  2.3  0.00 0.00  0.00 0.00 0.992 0
Sex 0933               10 12 42.59 -01 26 28.9 20.33  0.85  214.2  3.6  0.00 0.00  0.00 0.00 0.986 0
Sex 0934               10 13 32.18 -01 29 36.9 20.32  0.66  339.6  4.0  0.00 0.00  0.00 0.00 0.000 0
Sex 0935               10 13 28.99 -01 32 30.3 20.31  0.69  228.0  6.0  0.00 0.00  0.00 0.00 0.993 0
Sex 0936               10 13 22.53 -01 32  3.8 20.30  0.72  226.7  4.3  0.00 0.00  0.00 0.00 0.993 0
Sex 0937               10 13 21.14 -01 33 27.7 20.13  0.92  224.1  2.9  0.00 0.00  0.00 0.00 0.993 0
Sex 0938               10 13 32.39 -01 23 49.7  0.00  0.00  252.6  4.0  0.00 0.00  0.00 0.00 0.269 0
Sex 0939               10 13 25.42 -01 31 55.8 20.40  0.71  231.4  5.1  0.00 0.00  0.00 0.00 0.992 0
Sex 0940               10 13 18.27 -01 35 15.8 19.24  1.01  224.5  2.3  0.00 0.00  0.00 0.00 0.995 0
Sex 0941               10 13 42.99 -01 30 57.1  0.00  0.00   30.9  8.9  0.00 0.00  0.00 0.00 0.000 0
Sex 0942               10 13 11.96 -01 29 46.6 19.80  0.98  -70.0  9.3  0.00 0.00  0.00 0.00 0.000 0
Sex 0943               10 13  6.51 -01 34 53.9 19.81  0.67  -35.6  8.8  0.00 0.00  0.00 0.00 0.000 0
Sex 0944               10 13 50.28 -01 27 12.6 20.30  0.70  -68.2  4.6  0.00 0.00  0.00 0.00 0.000 0
Sex 0945               10 12 52.07 -01 26  8.9  0.00  0.00  197.7  5.7  0.00 0.00  0.00 0.00 0.745 0
Sex 0946               10 13 31.85 -01 25 34.4 19.53  0.89  225.3  8.3  0.00 0.00  0.00 0.00 0.988 0
Sex 0947               10 13 49.03 -01 24 55.8 19.56  0.91  -84.4  8.7  0.00 0.00  0.00 0.00 0.000 0
